-1.5e0 -1.0e0 5.25e0 5.25e0
-1.469698e0 -1.0e0 5.1600113e0 5.1600113e0
-1.439396e0 -1.0e0 5.0718628e0 5.0718628e0
-1.4090941e0 -1.0e0 4.9855469e0 4.9855469e0
-1.3787921e0 -1.0e0 4.9010666e0 4.9010666e0
-1.3484901e0 -1.0e0 4.8184235e0 4.8184235e0
-1.3181882e0 -1.0e0 4.7376205e0 4.7376205e0
-1.2878862e0 -1.0e0 4.6586502e0 4.6586502e0
-1.2575842e0 -1.0e0 4.581517e0 4.581517e0
-1.2272823e0 -1.0e0 4.5062225e0 4.5062225e0
-1.1969803e0 -1.0e0 4.4327621e0 4.4327621e0
-1.1666783e0 -1.0e0 4.3611374e0 4.3611374e0
-1.1363763e0 -1.0e0 4.2913528e0 4.2913528e0
-1.1060744e0 -1.0e0 4.2234009e0 4.2234009e0
-1.0757724e0 -1.0e0 4.157286e0 4.157286e0
-1.0454704e0 -1.0e0 4.0930069e0 4.0930069e0
-1.0151685e0 -1.0e0 4.030568e0 4.030568e0
-9.848665e-1 -1.0e0 3.969962e0 3.969962e0
-9.5456451e-1 -1.0e0 3.9111934e0 3.9111934e0
-9.2426253e-1 -1.0e0 3.8542613e0 3.8542613e0
-8.9396054e-1 -1.0e0 3.7991655e0 3.7991655e0
-8.6365855e-1 -1.0e0 3.7459062e0 3.7459062e0
-8.3335657e-1 -1.0e0 3.6944833e0 3.6944833e0
-8.0305458e-1 -1.0e0 3.6448965e0 3.6448965e0
-7.727526e-1 -1.0e0 3.5971465e0 3.5971465e0
-7.424506e-1 -1.0e0 3.5512329e0 3.5512329e0
-7.1214862e-1 -1.0e0 3.5071556e0 3.5071556e0
-6.8184663e-1 -1.0e0 3.4649149e0 3.4649149e0
-6.5154465e-1 -1.0e0 3.4245105e0 3.4245105e0
-6.2124266e-1 -1.0e0 3.3859425e0 3.3859425e0
-5.9094067e-1 -1.0e0 3.349211e0 3.349211e0
-5.6063869e-1 -1.0e0 3.3143158e0 3.3143158e0
-5.303367e-1 -1.0e0 3.281257e0 3.281257e0
-5.0003471e-1 -1.0e0 3.2500346e0 3.2500346e0
-4.6973273e-1 -1.0e0 3.2206488e0 3.2206488e0
-4.3943074e-1 -1.0e0 3.1930994e0 3.1930994e0
-4.0912875e-1 -1.0e0 3.1673863e0 3.1673863e0
-3.7882677e-1 -1.0e0 3.1435097e0 3.1435097e0
-3.4852478e-1 -1.0e0 3.1214696e0 3.1214696e0
-3.182228e-1 -1.0e0 3.1012657e0 3.1012657e0
-2.879208e-1 -1.0e0 3.0828984e0 3.0828984e0
-2.5761882e-1 -1.0e0 3.0663673e0 3.0663673e0
-2.2731683e-1 -1.0e0 3.051673e0 3.051673e0
-1.9701485e-1 -1.0e0 3.0388148e0 3.0388148e0
-1.6671286e-1 -1.0e0 3.0277931e0 3.0277931e0
-1.3641087e-1 -1.0e0 3.0186078e0 3.0186078e0
-1.0610889e-1 -1.0e0 3.011259e0 3.011259e0
-7.58069e-2 -1.0e0 3.0057466e0 3.0057466e0
-4.55049e-2 -1.0e0 3.0020706e0 3.0020706e0
-1.5202899e-2 -1.0e0 3.000231e0 3.000231e0
1.5099101e-2 -1.0e0 3.000228e0 3.000228e0
4.5401102e-2 -1.0e0 3.0020612e0 3.0020612e0
7.5703102e-2 -1.0e0 3.0057309e0 3.0057309e0
1.06005103e-1 -1.0e0 3.011237e0 3.011237e0
1.3630708e-1 -1.0e0 3.0185796e0 3.0185796e0
1.6660907e-1 -1.0e0 3.0277585e0 3.0277585e0
1.9691106e-1 -1.0e0 3.0387738e0 3.0387738e0
2.2721304e-1 -1.0e0 3.0516257e0 3.0516257e0
2.5751503e-1 -1.0e0 3.066314e0 3.066314e0
2.8781702e-1 -1.0e0 3.0828386e0 3.0828386e0
3.18119e-1 -1.0e0 3.1011998e0 3.1011998e0
3.4842099e-1 -1.0e0 3.1213972e0 3.1213972e0
3.7872298e-1 -1.0e0 3.1434311e0 3.1434311e0
4.0902496e-1 -1.0e0 3.1673015e0 3.1673015e0
4.3932695e-1 -1.0e0 3.1930081e0 3.1930081e0
4.6962894e-1 -1.0e0 3.2205513e0 3.2205513e0
4.9993092e-1 -1.0e0 3.2499309e0 3.2499309e0
5.3023291e-1 -1.0e0 3.2811469e0 3.2811469e0
5.605349e-1 -1.0e0 3.3141995e0 3.3141995e0
5.9083688e-1 -1.0e0 3.3490883e0 3.3490883e0
6.2113887e-1 -1.0e0 3.3858136e0 3.3858136e0
6.5144086e-1 -1.0e0 3.4243753e0 3.4243753e0
6.8174284e-1 -1.0e0 3.4647733e0 3.4647733e0
7.1204483e-1 -1.0e0 3.5070079e0 3.5070079e0
7.4234682e-1 -1.0e0 3.5510788e0 3.5510788e0
7.726488e-1 -1.0e0 3.5969861e0 3.5969861e0
8.0295079e-1 -1.0e0 3.6447299e0 3.6447299e0
8.3325278e-1 -1.0e0 3.6943102e0 3.6943102e0
8.6355476e-1 -1.0e0 3.7457266e0 3.7457266e0
8.9385675e-1 -1.0e0 3.79898e0 3.79898e0
9.2415874e-1 -1.0e0 3.8540695e0 3.8540695e0
9.5446072e-1 -1.0e0 3.9109953e0 3.9109953e0
9.8476271e-1 -1.0e0 3.9697577e0 3.9697577e0
1.0150647e0 -1.0e0 4.0303574e0 4.0303574e0
1.0453667e0 -1.0e0 4.0927933e0 4.0927933e0
1.0756686e0 -1.0e0 4.1570618e0 4.1570618e0
1.1059706e0 -1.0e0 4.2231705e0 4.2231705e0
1.1362726e0 -1.0e0 4.2911163e0 4.2911163e0
1.1665746e0 -1.0e0 4.3608948e0 4.3608948e0
1.1968765e0 -1.0e0 4.4325134e0 4.4325134e0
1.2271785e0 -1.0e0 4.5059677e0 4.5059677e0
1.2574805e0 -1.0e0 4.5812561e0 4.5812561e0
1.2877824e0 -1.0e0 4.6583832e0 4.6583832e0
1.3180844e0 -1.0e0 4.7373474e0 4.7373474e0
1.3483864e0 -1.0e0 4.8181473e0 4.8181473e0
1.3786884e0 -1.0e0 4.9007813e0 4.9007813e0
1.4089903e0 -1.0e0 4.9852539e0 4.9852539e0
1.4392923e0 -1.0e0 5.0715637e0 5.0715637e0
1.4695943e0 -1.0e0 5.1597061e0 5.1597061e0
1.4998962e0 -1.0e0 5.2496887e0 5.2496887e0

-1.5e0 -9.79799e-1 5.1700122e0 5.1700122e0
-1.469698e0 -9.79799e-1 5.0800235e0 5.0800235e0
-1.439396e0 -9.79799e-1 4.991875e0 4.991875e0
-1.4090941e0 -9.79799e-1 4.9055591e0 4.9055591e0
-1.3787921e0 -9.79799e-1 4.8210788e0 4.8210788e0
-1.3484901e0 -9.79799e-1 4.7384357e0 4.7384357e0
-1.3181882e0 -9.79799e-1 4.6576328e0 4.6576328e0
-1.2878862e0 -9.79799e-1 4.5786624e0 4.5786624e0
-1.2575842e0 -9.79799e-1 4.5015292e0 4.5015292e0
-1.2272823e0 -9.79799e-1 4.4262347e0 4.4262347e0
-1.1969803e0 -9.79799e-1 4.3527744e0 4.3527744e0
-1.1666783e0 -9.79799e-1 4.2811496e0 4.2811496e0
-1.1363763e0 -9.79799e-1 4.211365e0 4.211365e0
-1.1060744e0 -9.79799e-1 4.1434131e0 4.1434131e0
-1.0757724e0 -9.79799e-1 4.0772983e0 4.0772983e0
-1.0454704e0 -9.79799e-1 4.0130191e0 4.0130191e0
-1.0151685e0 -9.79799e-1 3.9505801e0 3.9505801e0
-9.848665e-1 -9.79799e-1 3.8899742e0 3.8899742e0
-9.5456451e-1 -9.79799e-1 3.8312056e0 3.8312056e0
-9.2426253e-1 -9.79799e-1 3.7742735e0 3.7742735e0
-8.9396054e-1 -9.79799e-1 3.7191777e0 3.7191777e0
-8.6365855e-1 -9.79799e-1 3.6659184e0 3.6659184e0
-8.3335657e-1 -9.79799e-1 3.6144955e0 3.6144955e0
-8.0305458e-1 -9.79799e-1 3.5649088e0 3.5649088e0
-7.727526e-1 -9.79799e-1 3.5171587e0 3.5171587e0
-7.424506e-1 -9.79799e-1 3.4712451e0 3.4712451e0
-7.1214862e-1 -9.79799e-1 3.4271678e0 3.4271678e0
-6.8184663e-1 -9.79799e-1 3.384927e0 3.384927e0
-6.5154465e-1 -9.79799e-1 3.3445227e0 3.3445227e0
-6.2124266e-1 -9.79799e-1 3.3059547e0 3.3059547e0
-5.9094067e-1 -9.79799e-1 3.2692232e0 3.2692232e0
-5.6063869e-1 -9.79799e-1 3.234328e0 3.234328e0
-5.303367e-1 -9.79799e-1 3.2012692e0 3.2012692e0
-5.0003471e-1 -9.79799e-1 3.1700468e0 3.1700468e0
-4.6973273e-1 -9.79799e-1 3.140661e0 3.140661e0
-4.3943074e-1 -9.79799e-1 3.1131116e0 3.1131116e0
-4.0912875e-1 -9.79799e-1 3.0873985e0 3.0873985e0
-3.7882677e-1 -9.79799e-1 3.0635219e0 3.0635219e0
-3.4852478e-1 -9.79799e-1 3.0414818e0 3.0414818e0
-3.182228e-1 -9.79799e-1 3.0212779e0 3.0212779e0
-2.879208e-1 -9.79799e-1 3.0029106e0 3.0029106e0
-2.5761882e-1 -9.79799e-1 2.9863795e0 2.9863795e0
-2.2731683e-1 -9.79799e-1 2.9716852e0 2.9716852e0
-1.9701485e-1 -9.79799e-1 2.958827e0 2.958827e0
-1.6671286e-1 -9.79799e-1 2.9478053e0 2.9478053e0
-1.3641087e-1 -9.79799e-1 2.93862e0 2.93862e0
-1.0610889e-1 -9.79799e-1 2.9312712e0 2.9312712e0
-7.58069e-2 -9.79799e-1 2.9257588e0 2.9257588e0
-4.55049e-2 -9.79799e-1 2.9220828e0 2.9220828e0
-1.5202899e-2 -9.79799e-1 2.9202432e0 2.9202432e0
1.5099101e-2 -9.79799e-1 2.9202402e0 2.9202402e0
4.5401102e-2 -9.79799e-1 2.9220734e0 2.9220734e0
7.5703102e-2 -9.79799e-1 2.9257431e0 2.9257431e0
1.06005103e-1 -9.79799e-1 2.9312492e0 2.9312492e0
1.3630708e-1 -9.79799e-1 2.9385918e0 2.9385918e0
1.6660907e-1 -9.79799e-1 2.9477707e0 2.9477707e0
1.9691106e-1 -9.79799e-1 2.958786e0 2.958786e0
2.2721304e-1 -9.79799e-1 2.9716379e0 2.9716379e0
2.5751503e-1 -9.79799e-1 2.9863261e0 2.9863261e0
2.8781702e-1 -9.79799e-1 3.0028508e0 3.0028508e0
3.18119e-1 -9.79799e-1 3.021212e0 3.021212e0
3.4842099e-1 -9.79799e-1 3.0414095e0 3.0414095e0
3.7872298e-1 -9.79799e-1 3.0634433e0 3.0634433e0
4.0902496e-1 -9.79799e-1 3.0873137e0 3.0873137e0
4.3932695e-1 -9.79799e-1 3.1130203e0 3.1130203e0
4.6962894e-1 -9.79799e-1 3.1405635e0 3.1405635e0
4.9993092e-1 -9.79799e-1 3.1699431e0 3.1699431e0
5.3023291e-1 -9.79799e-1 3.201159e0 3.201159e0
5.605349e-1 -9.79799e-1 3.2342117e0 3.2342117e0
5.9083688e-1 -9.79799e-1 3.2691005e0 3.2691005e0
6.2113887e-1 -9.79799e-1 3.3058258e0 3.3058258e0
6.5144086e-1 -9.79799e-1 3.3443875e0 3.3443875e0
6.8174284e-1 -9.79799e-1 3.3847855e0 3.3847855e0
7.1204483e-1 -9.79799e-1 3.4270201e0 3.4270201e0
7.4234682e-1 -9.79799e-1 3.471091e0 3.471091e0
7.726488e-1 -9.79799e-1 3.5169983e0 3.5169983e0
8.0295079e-1 -9.79799e-1 3.5647421e0 3.5647421e0
8.3325278e-1 -9.79799e-1 3.6143224e0 3.6143224e0
8.6355476e-1 -9.79799e-1 3.6657388e0 3.6657388e0
8.9385675e-1 -9.79799e-1 3.7189922e0 3.7189922e0
9.2415874e-1 -9.79799e-1 3.7740817e0 3.7740817e0
9.5446072e-1 -9.79799e-1 3.8310075e0 3.8310075e0
9.8476271e-1 -9.79799e-1 3.8897699e0 3.8897699e0
1.0150647e0 -9.79799e-1 3.9503696e0 3.9503696e0
1.0453667e0 -9.79799e-1 4.0128055e0 4.0128055e0
1.0756686e0 -9.79799e-1 4.077074e0 4.077074e0
1.1059706e0 -9.79799e-1 4.1431827e0 4.1431827e0
1.1362726e0 -9.79799e-1 4.2111285e0 4.2111285e0
1.1665746e0 -9.79799e-1 4.280907e0 4.280907e0
1.1968765e0 -9.79799e-1 4.3525256e0 4.3525256e0
1.2271785e0 -9.79799e-1 4.4259799e0 4.4259799e0
1.2574805e0 -9.79799e-1 4.5012683e0 4.5012683e0
1.2877824e0 -9.79799e-1 4.5783954e0 4.5783954e0
1.3180844e0 -9.79799e-1 4.6573596e0 4.6573596e0
1.3483864e0 -9.79799e-1 4.7381595e0 4.7381595e0
1.3786884e0 -9.79799e-1 4.8207935e0 4.8207935e0
1.4089903e0 -9.79799e-1 4.9052661e0 4.9052661e0
1.4392923e0 -9.79799e-1 4.991576e0 4.991576e0
1.4695943e0 -9.79799e-1 5.0797183e0 5.0797183e0
1.4998962e0 -9.79799e-1 5.169701e0 5.169701e0

-1.5e0 -9.595979e-1 5.0916565e0 5.0916565e0
-1.469698e0 -9.595979e-1 5.0016678e0 5.0016678e0
-1.439396e0 -9.595979e-1 4.9135193e0 4.9135193e0
-1.4090941e0 -9.595979e-1 4.8272034e0 4.8272034e0
-1.3787921e0 -9.595979e-1 4.7427231e0 4.7427231e0
-1.3484901e0 -9.595979e-1 4.66008e0 4.66008e0
-1.3181882e0 -9.595979e-1 4.579277e0 4.579277e0
-1.2878862e0 -9.595979e-1 4.5003067e0 4.5003067e0
-1.2575842e0 -9.595979e-1 4.4231735e0 4.4231735e0
-1.2272823e0 -9.595979e-1 4.347879e0 4.347879e0
-1.1969803e0 -9.595979e-1 4.2744186e0 4.2744186e0
-1.1666783e0 -9.595979e-1 4.2027939e0 4.2027939e0
-1.1363763e0 -9.595979e-1 4.1330093e0 4.1330093e0
-1.1060744e0 -9.595979e-1 4.0650574e0 4.0650574e0
-1.0757724e0 -9.595979e-1 3.9989426e0 3.9989426e0
-1.0454704e0 -9.595979e-1 3.9346634e0 3.9346634e0
-1.0151685e0 -9.595979e-1 3.8722244e0 3.8722244e0
-9.848665e-1 -9.595979e-1 3.8116185e0 3.8116185e0
-9.5456451e-1 -9.595979e-1 3.7528499e0 3.7528499e0
-9.2426253e-1 -9.595979e-1 3.6959178e0 3.6959178e0
-8.9396054e-1 -9.595979e-1 3.640822e0 3.640822e0
-8.6365855e-1 -9.595979e-1 3.5875627e0 3.5875627e0
-8.3335657e-1 -9.595979e-1 3.5361398e0 3.5361398e0
-8.0305458e-1 -9.595979e-1 3.486553e0 3.486553e0
-7.727526e-1 -9.595979e-1 3.438803e0 3.438803e0
-7.424506e-1 -9.595979e-1 3.3928894e0 3.3928894e0
-7.1214862e-1 -9.595979e-1 3.3488121e0 3.3488121e0
-6.8184663e-1 -9.595979e-1 3.3065714e0 3.3065714e0
-6.5154465e-1 -9.595979e-1 3.266167e0 3.266167e0
-6.2124266e-1 -9.595979e-1 3.227599e0 3.227599e0
-5.9094067e-1 -9.595979e-1 3.1908675e0 3.1908675e0
-5.6063869e-1 -9.595979e-1 3.1559723e0 3.1559723e0
-5.303367e-1 -9.595979e-1 3.1229135e0 3.1229135e0
-5.0003471e-1 -9.595979e-1 3.0916911e0 3.0916911e0
-4.6973273e-1 -9.595979e-1 3.0623053e0 3.0623053e0
-4.3943074e-1 -9.595979e-1 3.0347559e0 3.0347559e0
-4.0912875e-1 -9.595979e-1 3.0090428e0 3.0090428e0
-3.7882677e-1 -9.595979e-1 2.9851662e0 2.9851662e0
-3.4852478e-1 -9.595979e-1 2.963126e0 2.963126e0
-3.182228e-1 -9.595979e-1 2.9429222e0 2.9429222e0
-2.879208e-1 -9.595979e-1 2.9245549e0 2.9245549e0
-2.5761882e-1 -9.595979e-1 2.9080238e0 2.9080238e0
-2.2731683e-1 -9.595979e-1 2.8933295e0 2.8933295e0
-1.9701485e-1 -9.595979e-1 2.8804713e0 2.8804713e0
-1.6671286e-1 -9.595979e-1 2.8694496e0 2.8694496e0
-1.3641087e-1 -9.595979e-1 2.8602643e0 2.8602643e0
-1.0610889e-1 -9.595979e-1 2.8529155e0 2.8529155e0
-7.58069e-2 -9.595979e-1 2.8474031e0 2.8474031e0
-4.55049e-2 -9.595979e-1 2.8437271e0 2.8437271e0
-1.5202899e-2 -9.595979e-1 2.8418875e0 2.8418875e0
1.5099101e-2 -9.595979e-1 2.8418845e0 2.8418845e0
4.5401102e-2 -9.595979e-1 2.8437177e0 2.8437177e0
7.5703102e-2 -9.595979e-1 2.8473874e0 2.8473874e0
1.06005103e-1 -9.595979e-1 2.8528935e0 2.8528935e0
1.3630708e-1 -9.595979e-1 2.860236e0 2.860236e0
1.6660907e-1 -9.595979e-1 2.869415e0 2.869415e0
1.9691106e-1 -9.595979e-1 2.8804303e0 2.8804303e0
2.2721304e-1 -9.595979e-1 2.8932822e0 2.8932822e0
2.5751503e-1 -9.595979e-1 2.9079704e0 2.9079704e0
2.8781702e-1 -9.595979e-1 2.9244951e0 2.9244951e0
3.18119e-1 -9.595979e-1 2.9428563e0 2.9428563e0
3.4842099e-1 -9.595979e-1 2.9630537e0 2.9630537e0
3.7872298e-1 -9.595979e-1 2.9850876e0 2.9850876e0
4.0902496e-1 -9.595979e-1 3.008958e0 3.008958e0
4.3932695e-1 -9.595979e-1 3.0346646e0 3.0346646e0
4.6962894e-1 -9.595979e-1 3.0622078e0 3.0622078e0
4.9993092e-1 -9.595979e-1 3.0915874e0 3.0915874e0
5.3023291e-1 -9.595979e-1 3.1228033e0 3.1228033e0
5.605349e-1 -9.595979e-1 3.155856e0 3.155856e0
5.9083688e-1 -9.595979e-1 3.1907448e0 3.1907448e0
6.2113887e-1 -9.595979e-1 3.2274701e0 3.2274701e0
6.5144086e-1 -9.595979e-1 3.2660318e0 3.2660318e0
6.8174284e-1 -9.595979e-1 3.3064297e0 3.3064297e0
7.1204483e-1 -9.595979e-1 3.3486644e0 3.3486644e0
7.4234682e-1 -9.595979e-1 3.3927353e0 3.3927353e0
7.726488e-1 -9.595979e-1 3.4386426e0 3.4386426e0
8.0295079e-1 -9.595979e-1 3.4863864e0 3.4863864e0
8.3325278e-1 -9.595979e-1 3.5359666e0 3.5359666e0
8.6355476e-1 -9.595979e-1 3.5873831e0 3.5873831e0
8.9385675e-1 -9.595979e-1 3.6406364e0 3.6406364e0
9.2415874e-1 -9.595979e-1 3.695726e0 3.695726e0
9.5446072e-1 -9.595979e-1 3.7526518e0 3.7526518e0
9.8476271e-1 -9.595979e-1 3.8114142e0 3.8114142e0
1.0150647e0 -9.595979e-1 3.8720139e0 3.8720139e0
1.0453667e0 -9.595979e-1 3.9344498e0 3.9344498e0
1.0756686e0 -9.595979e-1 3.9987183e0 3.9987183e0
1.1059706e0 -9.595979e-1 4.064827e0 4.064827e0
1.1362726e0 -9.595979e-1 4.1327728e0 4.1327728e0
1.1665746e0 -9.595979e-1 4.2025513e0 4.2025513e0
1.1968765e0 -9.595979e-1 4.2741699e0 4.2741699e0
1.2271785e0 -9.595979e-1 4.3476242e0 4.3476242e0
1.2574805e0 -9.595979e-1 4.4229126e0 4.4229126e0
1.2877824e0 -9.595979e-1 4.5000397e0 4.5000397e0
1.3180844e0 -9.595979e-1 4.5790039e0 4.5790039e0
1.3483864e0 -9.595979e-1 4.6598038e0 4.6598038e0
1.3786884e0 -9.595979e-1 4.7424377e0 4.7424377e0
1.4089903e0 -9.595979e-1 4.8269104e0 4.8269104e0
1.4392923e0 -9.595979e-1 4.9132202e0 4.9132202e0
1.4695943e0 -9.595979e-1 5.0013626e0 5.0013626e0
1.4998962e0 -9.595979e-1 5.0913452e0 5.0913452e0

-1.5e0 -9.393968e-1 5.0149329e0 5.0149329e0
-1.469698e0 -9.393968e-1 4.9249442e0 4.9249442e0
-1.439396e0 -9.393968e-1 4.8367957e0 4.8367957e0
-1.4090941e0 -9.393968e-1 4.7504797e0 4.7504797e0
-1.3787921e0 -9.393968e-1 4.6659995e0 4.6659995e0
-1.3484901e0 -9.393968e-1 4.5833563e0 4.5833563e0
-1.3181882e0 -9.393968e-1 4.5025534e0 4.5025534e0
-1.2878862e0 -9.393968e-1 4.423583e0 4.423583e0
-1.2575842e0 -9.393968e-1 4.3464499e0 4.3464499e0
-1.2272823e0 -9.393968e-1 4.2711554e0 4.2711554e0
-1.1969803e0 -9.393968e-1 4.197695e0 4.197695e0
-1.1666783e0 -9.393968e-1 4.1260703e0 4.1260703e0
-1.1363763e0 -9.393968e-1 4.0562857e0 4.0562857e0
-1.1060744e0 -9.393968e-1 3.9883337e0 3.9883337e0
-1.0757724e0 -9.393968e-1 3.922219e0 3.922219e0
-1.0454704e0 -9.393968e-1 3.8579398e0 3.8579398e0
-1.0151685e0 -9.393968e-1 3.7955008e0 3.7955008e0
-9.848665e-1 -9.393968e-1 3.7348949e0 3.7348949e0
-9.5456451e-1 -9.393968e-1 3.6761263e0 3.6761263e0
-9.2426253e-1 -9.393968e-1 3.6191942e0 3.6191942e0
-8.9396054e-1 -9.393968e-1 3.5640984e0 3.5640984e0
-8.6365855e-1 -9.393968e-1 3.5108391e0 3.5108391e0
-8.3335657e-1 -9.393968e-1 3.4594162e0 3.4594162e0
-8.0305458e-1 -9.393968e-1 3.4098294e0 3.4098294e0
-7.727526e-1 -9.393968e-1 3.3620793e0 3.3620793e0
-7.424506e-1 -9.393968e-1 3.3161658e0 3.3161658e0
-7.1214862e-1 -9.393968e-1 3.2720885e0 3.2720885e0
-6.8184663e-1 -9.393968e-1 3.2298477e0 3.2298477e0
-6.5154465e-1 -9.393968e-1 3.1894434e0 3.1894434e0
-6.2124266e-1 -9.393968e-1 3.1508754e0 3.1508754e0
-5.9094067e-1 -9.393968e-1 3.1141438e0 3.1141438e0
-5.6063869e-1 -9.393968e-1 3.0792487e0 3.0792487e0
-5.303367e-1 -9.393968e-1 3.0461899e0 3.0461899e0
-5.0003471e-1 -9.393968e-1 3.0149675e0 3.0149675e0
-4.6973273e-1 -9.393968e-1 2.9855817e0 2.9855817e0
-4.3943074e-1 -9.393968e-1 2.9580322e0 2.9580322e0
-4.0912875e-1 -9.393968e-1 2.9323192e0 2.9323192e0
-3.7882677e-1 -9.393968e-1 2.9084425e0 2.9084425e0
-3.4852478e-1 -9.393968e-1 2.8864024e0 2.8864024e0
-3.182228e-1 -9.393968e-1 2.8661986e0 2.8661986e0
-2.879208e-1 -9.393968e-1 2.8478313e0 2.8478313e0
-2.5761882e-1 -9.393968e-1 2.8313002e0 2.8313002e0
-2.2731683e-1 -9.393968e-1 2.8166058e0 2.8166058e0
-1.9701485e-1 -9.393968e-1 2.8037477e0 2.8037477e0
-1.6671286e-1 -9.393968e-1 2.792726e0 2.792726e0
-1.3641087e-1 -9.393968e-1 2.7835406e0 2.7835406e0
-1.0610889e-1 -9.393968e-1 2.7761919e0 2.7761919e0
-7.58069e-2 -9.393968e-1 2.7706795e0 2.7706795e0
-4.55049e-2 -9.393968e-1 2.7670035e0 2.7670035e0
-1.5202899e-2 -9.393968e-1 2.7651639e0 2.7651639e0
1.5099101e-2 -9.393968e-1 2.7651608e0 2.7651608e0
4.5401102e-2 -9.393968e-1 2.766994e0 2.766994e0
7.5703102e-2 -9.393968e-1 2.7706638e0 2.7706638e0
1.06005103e-1 -9.393968e-1 2.7761699e0 2.7761699e0
1.3630708e-1 -9.393968e-1 2.7835124e0 2.7835124e0
1.6660907e-1 -9.393968e-1 2.7926913e0 2.7926913e0
1.9691106e-1 -9.393968e-1 2.8037067e0 2.8037067e0
2.2721304e-1 -9.393968e-1 2.8165585e0 2.8165585e0
2.5751503e-1 -9.393968e-1 2.8312468e0 2.8312468e0
2.8781702e-1 -9.393968e-1 2.8477715e0 2.8477715e0
3.18119e-1 -9.393968e-1 2.8661327e0 2.8661327e0
3.4842099e-1 -9.393968e-1 2.8863301e0 2.8863301e0
3.7872298e-1 -9.393968e-1 2.908364e0 2.908364e0
4.0902496e-1 -9.393968e-1 2.9322343e0 2.9322343e0
4.3932695e-1 -9.393968e-1 2.957941e0 2.957941e0
4.6962894e-1 -9.393968e-1 2.9854842e0 2.9854842e0
4.9993092e-1 -9.393968e-1 3.0148637e0 3.0148637e0
5.3023291e-1 -9.393968e-1 3.0460797e0 3.0460797e0
5.605349e-1 -9.393968e-1 3.0791324e0 3.0791324e0
5.9083688e-1 -9.393968e-1 3.1140211e0 3.1140211e0
6.2113887e-1 -9.393968e-1 3.1507465e0 3.1507465e0
6.5144086e-1 -9.393968e-1 3.1893082e0 3.1893082e0
6.8174284e-1 -9.393968e-1 3.2297061e0 3.2297061e0
7.1204483e-1 -9.393968e-1 3.2719408e0 3.2719408e0
7.4234682e-1 -9.393968e-1 3.3160117e0 3.3160117e0
7.726488e-1 -9.393968e-1 3.361919e0 3.361919e0
8.0295079e-1 -9.393968e-1 3.4096628e0 3.4096628e0
8.3325278e-1 -9.393968e-1 3.459243e0 3.459243e0
8.6355476e-1 -9.393968e-1 3.5106595e0 3.5106595e0
8.9385675e-1 -9.393968e-1 3.5639128e0 3.5639128e0
9.2415874e-1 -9.393968e-1 3.6190024e0 3.6190024e0
9.5446072e-1 -9.393968e-1 3.6759282e0 3.6759282e0
9.8476271e-1 -9.393968e-1 3.7346906e0 3.7346906e0
1.0150647e0 -9.393968e-1 3.7952902e0 3.7952902e0
1.0453667e0 -9.393968e-1 3.8577261e0 3.8577261e0
1.0756686e0 -9.393968e-1 3.9219946e0 3.9219946e0
1.1059706e0 -9.393968e-1 3.9881033e0 3.9881033e0
1.1362726e0 -9.393968e-1 4.0560492e0 4.0560492e0
1.1665746e0 -9.393968e-1 4.1258276e0 4.1258276e0
1.1968765e0 -9.393968e-1 4.1974463e0 4.1974463e0
1.2271785e0 -9.393968e-1 4.2709006e0 4.2709006e0
1.2574805e0 -9.393968e-1 4.346189e0 4.346189e0
1.2877824e0 -9.393968e-1 4.423316e0 4.423316e0
1.3180844e0 -9.393968e-1 4.5022803e0 4.5022803e0
1.3483864e0 -9.393968e-1 4.5830801e0 4.5830801e0
1.3786884e0 -9.393968e-1 4.6657141e0 4.6657141e0
1.4089903e0 -9.393968e-1 4.7501868e0 4.7501868e0
1.4392923e0 -9.393968e-1 4.8364966e0 4.8364966e0
1.4695943e0 -9.393968e-1 4.924639e0 4.924639e0
1.4998962e0 -9.393968e-1 5.0146216e0 5.0146216e0

-1.5e0 -9.1919571e-1 4.9398416e0 4.9398416e0
-1.469698e0 -9.1919571e-1 4.8498529e0 4.8498529e0
-1.439396e0 -9.1919571e-1 4.7617044e0 4.7617044e0
-1.4090941e0 -9.1919571e-1 4.6753885e0 4.6753885e0
-1.3787921e0 -9.1919571e-1 4.5909082e0 4.5909082e0
-1.3484901e0 -9.1919571e-1 4.508265e0 4.508265e0
-1.3181882e0 -9.1919571e-1 4.4274622e0 4.4274622e0
-1.2878862e0 -9.1919571e-1 4.3484918e0 4.3484918e0
-1.2575842e0 -9.1919571e-1 4.2713586e0 4.2713586e0
-1.2272823e0 -9.1919571e-1 4.1960641e0 4.1960641e0
-1.1969803e0 -9.1919571e-1 4.1226038e0 4.1226038e0
-1.1666783e0 -9.1919571e-1 4.050979e0 4.050979e0
-1.1363763e0 -9.1919571e-1 3.9811945e0 3.9811945e0
-1.1060744e0 -9.1919571e-1 3.9132425e0 3.9132425e0
-1.0757724e0 -9.1919571e-1 3.8471277e0 3.8471277e0
-1.0454704e0 -9.1919571e-1 3.7828485e0 3.7828485e0
-1.0151685e0 -9.1919571e-1 3.7204095e0 3.7204095e0
-9.848665e-1 -9.1919571e-1 3.6598036e0 3.6598036e0
-9.5456451e-1 -9.1919571e-1 3.601035e0 3.601035e0
-9.2426253e-1 -9.1919571e-1 3.544103e0 3.544103e0
-8.9396054e-1 -9.1919571e-1 3.4890071e0 3.4890071e0
-8.6365855e-1 -9.1919571e-1 3.4357478e0 3.4357478e0
-8.3335657e-1 -9.1919571e-1 3.384325e0 3.384325e0
-8.0305458e-1 -9.1919571e-1 3.3347382e0 3.3347382e0
-7.727526e-1 -9.1919571e-1 3.286988e0 3.286988e0
-7.424506e-1 -9.1919571e-1 3.2410745e0 3.2410745e0
-7.1214862e-1 -9.1919571e-1 3.1969972e0 3.1969972e0
-6.8184663e-1 -9.1919571e-1 3.1547565e0 3.1547565e0
-6.5154465e-1 -9.1919571e-1 3.1143521e0 3.1143521e0
-6.2124266e-1 -9.1919571e-1 3.0757841e0 3.0757841e0
-5.9094067e-1 -9.1919571e-1 3.0390526e0 3.0390526e0
-5.6063869e-1 -9.1919571e-1 3.0041574e0 3.0041574e0
-5.303367e-1 -9.1919571e-1 2.9710986e0 2.9710986e0
-5.0003471e-1 -9.1919571e-1 2.9398763e0 2.9398763e0
-4.6973273e-1 -9.1919571e-1 2.9104904e0 2.9104904e0
-4.3943074e-1 -9.1919571e-1 2.882941e0 2.882941e0
-4.0912875e-1 -9.1919571e-1 2.857228e0 2.857228e0
-3.7882677e-1 -9.1919571e-1 2.8333513e0 2.8333513e0
-3.4852478e-1 -9.1919571e-1 2.8113112e0 2.8113112e0
-3.182228e-1 -9.1919571e-1 2.7911073e0 2.7911073e0
-2.879208e-1 -9.1919571e-1 2.77274e0 2.77274e0
-2.5761882e-1 -9.1919571e-1 2.756209e0 2.756209e0
-2.2731683e-1 -9.1919571e-1 2.7415146e0 2.7415146e0
-1.9701485e-1 -9.1919571e-1 2.7286565e0 2.7286565e0
-1.6671286e-1 -9.1919571e-1 2.7176347e0 2.7176347e0
-1.3641087e-1 -9.1919571e-1 2.7084494e0 2.7084494e0
-1.0610889e-1 -9.1919571e-1 2.7011006e0 2.7011006e0
-7.58069e-2 -9.1919571e-1 2.6955882e0 2.6955882e0
-4.55049e-2 -9.1919571e-1 2.6919122e0 2.6919122e0
-1.5202899e-2 -9.1919571e-1 2.6900726e0 2.6900726e0
1.5099101e-2 -9.1919571e-1 2.6900696e0 2.6900696e0
4.5401102e-2 -9.1919571e-1 2.6919028e0 2.6919028e0
7.5703102e-2 -9.1919571e-1 2.6955725e0 2.6955725e0
1.06005103e-1 -9.1919571e-1 2.7010786e0 2.7010786e0
1.3630708e-1 -9.1919571e-1 2.7084212e0 2.7084212e0
1.6660907e-1 -9.1919571e-1 2.7176001e0 2.7176001e0
1.9691106e-1 -9.1919571e-1 2.7286154e0 2.7286154e0
2.2721304e-1 -9.1919571e-1 2.7414673e0 2.7414673e0
2.5751503e-1 -9.1919571e-1 2.7561555e0 2.7561555e0
2.8781702e-1 -9.1919571e-1 2.7726802e0 2.7726802e0
3.18119e-1 -9.1919571e-1 2.7910414e0 2.7910414e0
3.4842099e-1 -9.1919571e-1 2.8112389e0 2.8112389e0
3.7872298e-1 -9.1919571e-1 2.8332727e0 2.8332727e0
4.0902496e-1 -9.1919571e-1 2.8571431e0 2.8571431e0
4.3932695e-1 -9.1919571e-1 2.8828497e0 2.8828497e0
4.6962894e-1 -9.1919571e-1 2.9103929e0 2.9103929e0
4.9993092e-1 -9.1919571e-1 2.9397725e0 2.9397725e0
5.3023291e-1 -9.1919571e-1 2.9709885e0 2.9709885e0
5.605349e-1 -9.1919571e-1 3.0040411e0 3.0040411e0
5.9083688e-1 -9.1919571e-1 3.0389299e0 3.0389299e0
6.2113887e-1 -9.1919571e-1 3.0756552e0 3.0756552e0
6.5144086e-1 -9.1919571e-1 3.1142169e0 3.1142169e0
6.8174284e-1 -9.1919571e-1 3.1546149e0 3.1546149e0
7.1204483e-1 -9.1919571e-1 3.1968495e0 3.1968495e0
7.4234682e-1 -9.1919571e-1 3.2409204e0 3.2409204e0
7.726488e-1 -9.1919571e-1 3.2868277e0 3.2868277e0
8.0295079e-1 -9.1919571e-1 3.3345715e0 3.3345715e0
8.3325278e-1 -9.1919571e-1 3.3841518e0 3.3841518e0
8.6355476e-1 -9.1919571e-1 3.4355682e0 3.4355682e0
8.9385675e-1 -9.1919571e-1 3.4888216e0 3.4888216e0
9.2415874e-1 -9.1919571e-1 3.5439111e0 3.5439111e0
9.5446072e-1 -9.1919571e-1 3.600837e0 3.600837e0
9.8476271e-1 -9.1919571e-1 3.6595993e0 3.6595993e0
1.0150647e0 -9.1919571e-1 3.720199e0 3.720199e0
1.0453667e0 -9.1919571e-1 3.7826349e0 3.7826349e0
1.0756686e0 -9.1919571e-1 3.8469034e0 3.8469034e0
1.1059706e0 -9.1919571e-1 3.9130121e0 3.9130121e0
1.1362726e0 -9.1919571e-1 3.980958e0 3.980958e0
1.1665746e0 -9.1919571e-1 4.0507364e0 4.0507364e0
1.1968765e0 -9.1919571e-1 4.122355e0 4.122355e0
1.2271785e0 -9.1919571e-1 4.1958093e0 4.1958093e0
1.2574805e0 -9.1919571e-1 4.2710977e0 4.2710977e0
1.2877824e0 -9.1919571e-1 4.3482248e0 4.3482248e0
1.3180844e0 -9.1919571e-1 4.427189e0 4.427189e0
1.3483864e0 -9.1919571e-1 4.5079889e0 4.5079889e0
1.3786884e0 -9.1919571e-1 4.5906229e0 4.5906229e0
1.4089903e0 -9.1919571e-1 4.6750955e0 4.6750955e0
1.4392923e0 -9.1919571e-1 4.7614053e0 4.7614053e0
1.4695943e0 -9.1919571e-1 4.8495477e0 4.8495477e0
1.4998962e0 -9.1919571e-1 4.9395303e0 4.9395303e0

-1.5e0 -8.9899461e-1 4.8663824e0 4.8663824e0
-1.469698e0 -8.9899461e-1 4.7763937e0 4.7763937e0
-1.439396e0 -8.9899461e-1 4.6882452e0 4.6882452e0
-1.4090941e0 -8.9899461e-1 4.6019293e0 4.6019293e0
-1.3787921e0 -8.9899461e-1 4.517449e0 4.517449e0
-1.3484901e0 -8.9899461e-1 4.4348059e0 4.4348059e0
-1.3181882e0 -8.9899461e-1 4.354003e0 4.354003e0
-1.2878862e0 -8.9899461e-1 4.2750327e0 4.2750327e0
-1.2575842e0 -8.9899461e-1 4.1978995e0 4.1978995e0
-1.2272823e0 -8.9899461e-1 4.122605e0 4.122605e0
-1.1969803e0 -8.9899461e-1 4.0491446e0 4.0491446e0
-1.1666783e0 -8.9899461e-1 3.9775198e0 3.9775198e0
-1.1363763e0 -8.9899461e-1 3.9077353e0 3.9077353e0
-1.1060744e0 -8.9899461e-1 3.8397833e0 3.8397833e0
-1.0757724e0 -8.9899461e-1 3.7736685e0 3.7736685e0
-1.0454704e0 -8.9899461e-1 3.7093893e0 3.7093893e0
-1.0151685e0 -8.9899461e-1 3.6469504e0 3.6469504e0
-9.848665e-1 -8.9899461e-1 3.5863445e0 3.5863445e0
-9.5456451e-1 -8.9899461e-1 3.5275758e0 3.5275758e0
-9.2426253e-1 -8.9899461e-1 3.4706438e0 3.4706438e0
-8.9396054e-1 -8.9899461e-1 3.415548e0 3.415548e0
-8.6365855e-1 -8.9899461e-1 3.3622887e0 3.3622887e0
-8.3335657e-1 -8.9899461e-1 3.3108658e0 3.3108658e0
-8.0305458e-1 -8.9899461e-1 3.261279e0 3.261279e0
-7.727526e-1 -8.9899461e-1 3.2135289e0 3.2135289e0
-7.424506e-1 -8.9899461e-1 3.1676154e0 3.1676154e0
-7.1214862e-1 -8.9899461e-1 3.123538e0 3.123538e0
-6.8184663e-1 -8.9899461e-1 3.0812973e0 3.0812973e0
-6.5154465e-1 -8.9899461e-1 3.040893e0 3.040893e0
-6.2124266e-1 -8.9899461e-1 3.002325e0 3.002325e0
-5.9094067e-1 -8.9899461e-1 2.9655934e0 2.9655934e0
-5.6063869e-1 -8.9899461e-1 2.9306982e0 2.9306982e0
-5.303367e-1 -8.9899461e-1 2.8976395e0 2.8976395e0
-5.0003471e-1 -8.9899461e-1 2.8664171e0 2.8664171e0
-4.6973273e-1 -8.9899461e-1 2.8370313e0 2.8370313e0
-4.3943074e-1 -8.9899461e-1 2.8094818e0 2.8094818e0
-4.0912875e-1 -8.9899461e-1 2.7837688e0 2.7837688e0
-3.7882677e-1 -8.9899461e-1 2.7598921e0 2.7598921e0
-3.4852478e-1 -8.9899461e-1 2.737852e0 2.737852e0
-3.182228e-1 -8.9899461e-1 2.7176482e0 2.7176482e0
-2.879208e-1 -8.9899461e-1 2.6992809e0 2.6992809e0
-2.5761882e-1 -8.9899461e-1 2.6827498e0 2.6827498e0
-2.2731683e-1 -8.9899461e-1 2.6680554e0 2.6680554e0
-1.9701485e-1 -8.9899461e-1 2.6551973e0 2.6551973e0
-1.6671286e-1 -8.9899461e-1 2.6441756e0 2.6441756e0
-1.3641087e-1 -8.9899461e-1 2.6349902e0 2.6349902e0
-1.0610889e-1 -8.9899461e-1 2.6276414e0 2.6276414e0
-7.58069e-2 -8.9899461e-1 2.622129e0 2.622129e0
-4.55049e-2 -8.9899461e-1 2.618453e0 2.618453e0
-1.5202899e-2 -8.9899461e-1 2.6166135e0 2.6166135e0
1.5099101e-2 -8.9899461e-1 2.6166104e0 2.6166104e0
4.5401102e-2 -8.9899461e-1 2.6184436e0 2.6184436e0
7.5703102e-2 -8.9899461e-1 2.6221133e0 2.6221133e0
1.06005103e-1 -8.9899461e-1 2.6276195e0 2.6276195e0
1.3630708e-1 -8.9899461e-1 2.634962e0 2.634962e0
1.6660907e-1 -8.9899461e-1 2.644141e0 2.644141e0
1.9691106e-1 -8.9899461e-1 2.6551563e0 2.6551563e0
2.2721304e-1 -8.9899461e-1 2.6680081e0 2.6680081e0
2.5751503e-1 -8.9899461e-1 2.6826964e0 2.6826964e0
2.8781702e-1 -8.9899461e-1 2.699221e0 2.699221e0
3.18119e-1 -8.9899461e-1 2.7175822e0 2.7175822e0
3.4842099e-1 -8.9899461e-1 2.7377797e0 2.7377797e0
3.7872298e-1 -8.9899461e-1 2.7598135e0 2.7598135e0
4.0902496e-1 -8.9899461e-1 2.783684e0 2.783684e0
4.3932695e-1 -8.9899461e-1 2.8093906e0 2.8093906e0
4.6962894e-1 -8.9899461e-1 2.8369337e0 2.8369337e0
4.9993092e-1 -8.9899461e-1 2.8663133e0 2.8663133e0
5.3023291e-1 -8.9899461e-1 2.8975293e0 2.8975293e0
5.605349e-1 -8.9899461e-1 2.930582e0 2.930582e0
5.9083688e-1 -8.9899461e-1 2.9654707e0 2.9654707e0
6.2113887e-1 -8.9899461e-1 3.002196e0 3.002196e0
6.5144086e-1 -8.9899461e-1 3.0407578e0 3.0407578e0
6.8174284e-1 -8.9899461e-1 3.0811557e0 3.0811557e0
7.1204483e-1 -8.9899461e-1 3.1233904e0 3.1233904e0
7.4234682e-1 -8.9899461e-1 3.1674612e0 3.1674612e0
7.726488e-1 -8.9899461e-1 3.2133685e0 3.2133685e0
8.0295079e-1 -8.9899461e-1 3.2611124e0 3.2611124e0
8.3325278e-1 -8.9899461e-1 3.3106926e0 3.3106926e0
8.6355476e-1 -8.9899461e-1 3.362109e0 3.362109e0
8.9385675e-1 -8.9899461e-1 3.4153624e0 3.4153624e0
9.2415874e-1 -8.9899461e-1 3.470452e0 3.470452e0
9.5446072e-1 -8.9899461e-1 3.5273778e0 3.5273778e0
9.8476271e-1 -8.9899461e-1 3.5861401e0 3.5861401e0
1.0150647e0 -8.9899461e-1 3.6467398e0 3.6467398e0
1.0453667e0 -8.9899461e-1 3.7091757e0 3.7091757e0
1.0756686e0 -8.9899461e-1 3.7734442e0 3.7734442e0
1.1059706e0 -8.9899461e-1 3.8395529e0 3.8395529e0
1.1362726e0 -8.9899461e-1 3.9074988e0 3.9074988e0
1.1665746e0 -8.9899461e-1 3.9772772e0 3.9772772e0
1.1968765e0 -8.9899461e-1 4.0488959e0 4.0488959e0
1.2271785e0 -8.9899461e-1 4.1223502e0 4.1223502e0
1.2574805e0 -8.9899461e-1 4.1976385e0 4.1976385e0
1.2877824e0 -8.9899461e-1 4.2747656e0 4.2747656e0
1.3180844e0 -8.9899461e-1 4.3537299e0 4.3537299e0
1.3483864e0 -8.9899461e-1 4.4345297e0 4.4345297e0
1.3786884e0 -8.9899461e-1 4.5171637e0 4.5171637e0
1.4089903e0 -8.9899461e-1 4.6016364e0 4.6016364e0
1.4392923e0 -8.9899461e-1 4.6879462e0 4.6879462e0
1.4695943e0 -8.9899461e-1 4.7760886e0 4.7760886e0
1.4998962e0 -8.9899461e-1 4.8660712e0 4.8660712e0

-1.5e0 -8.7879352e-1 4.794556e0 4.794556e0
-1.469698e0 -8.7879352e-1 4.7045673e0 4.7045673e0
-1.439396e0 -8.7879352e-1 4.6164188e0 4.6164188e0
-1.4090941e0 -8.7879352e-1 4.5301028e0 4.5301028e0
-1.3787921e0 -8.7879352e-1 4.4456226e0 4.4456226e0
-1.3484901e0 -8.7879352e-1 4.3629794e0 4.3629794e0
-1.3181882e0 -8.7879352e-1 4.2821765e0 4.2821765e0
-1.2878862e0 -8.7879352e-1 4.2032062e0 4.2032062e0
-1.2575842e0 -8.7879352e-1 4.126073e0 4.126073e0
-1.2272823e0 -8.7879352e-1 4.0507785e0 4.0507785e0
-1.1969803e0 -8.7879352e-1 3.9773181e0 3.9773181e0
-1.1666783e0 -8.7879352e-1 3.9056934e0 3.9056934e0
-1.1363763e0 -8.7879352e-1 3.8359088e0 3.8359088e0
-1.1060744e0 -8.7879352e-1 3.7679568e0 3.7679568e0
-1.0757724e0 -8.7879352e-1 3.701842e0 3.701842e0
-1.0454704e0 -8.7879352e-1 3.6375629e0 3.6375629e0
-1.0151685e0 -8.7879352e-1 3.5751239e0 3.5751239e0
-9.848665e-1 -8.7879352e-1 3.514518e0 3.514518e0
-9.5456451e-1 -8.7879352e-1 3.4557494e0 3.4557494e0
-9.2426253e-1 -8.7879352e-1 3.3988173e0 3.3988173e0
-8.9396054e-1 -8.7879352e-1 3.3437215e0 3.3437215e0
-8.6365855e-1 -8.7879352e-1 3.2904622e0 3.2904622e0
-8.3335657e-1 -8.7879352e-1 3.2390393e0 3.2390393e0
-8.0305458e-1 -8.7879352e-1 3.1894525e0 3.1894525e0
-7.727526e-1 -8.7879352e-1 3.1417024e0 3.1417024e0
-7.424506e-1 -8.7879352e-1 3.0957889e0 3.0957889e0
-7.1214862e-1 -8.7879352e-1 3.0517116e0 3.0517116e0
-6.8184663e-1 -8.7879352e-1 3.0094708e0 3.0094708e0
-6.5154465e-1 -8.7879352e-1 2.9690665e0 2.9690665e0
-6.2124266e-1 -8.7879352e-1 2.9304985e0 2.9304985e0
-5.9094067e-1 -8.7879352e-1 2.893767e0 2.893767e0
-5.6063869e-1 -8.7879352e-1 2.8588718e0 2.8588718e0
-5.303367e-1 -8.7879352e-1 2.825813e0 2.825813e0
-5.0003471e-1 -8.7879352e-1 2.7945906e0 2.7945906e0
-4.6973273e-1 -8.7879352e-1 2.7652048e0 2.7652048e0
-4.3943074e-1 -8.7879352e-1 2.7376553e0 2.7376553e0
-4.0912875e-1 -8.7879352e-1 2.7119423e0 2.7119423e0
-3.7882677e-1 -8.7879352e-1 2.6880656e0 2.6880656e0
-3.4852478e-1 -8.7879352e-1 2.6660255e0 2.6660255e0
-3.182228e-1 -8.7879352e-1 2.6458217e0 2.6458217e0
-2.879208e-1 -8.7879352e-1 2.6274544e0 2.6274544e0
-2.5761882e-1 -8.7879352e-1 2.6109233e0 2.6109233e0
-2.2731683e-1 -8.7879352e-1 2.596229e0 2.596229e0
-1.9701485e-1 -8.7879352e-1 2.5833708e0 2.5833708e0
-1.6671286e-1 -8.7879352e-1 2.5723491e0 2.5723491e0
-1.3641087e-1 -8.7879352e-1 2.5631638e0 2.5631638e0
-1.0610889e-1 -8.7879352e-1 2.555815e0 2.555815e0
-7.58069e-2 -8.7879352e-1 2.5503026e0 2.5503026e0
-4.55049e-2 -8.7879352e-1 2.5466266e0 2.5466266e0
-1.5202899e-2 -8.7879352e-1 2.544787e0 2.544787e0
1.5099101e-2 -8.7879352e-1 2.544784e0 2.544784e0
4.5401102e-2 -8.7879352e-1 2.5466171e0 2.5466171e0
7.5703102e-2 -8.7879352e-1 2.5502869e0 2.5502869e0
1.06005103e-1 -8.7879352e-1 2.555793e0 2.555793e0
1.3630708e-1 -8.7879352e-1 2.5631355e0 2.5631355e0
1.6660907e-1 -8.7879352e-1 2.5723145e0 2.5723145e0
1.9691106e-1 -8.7879352e-1 2.5833298e0 2.5833298e0
2.2721304e-1 -8.7879352e-1 2.5961816e0 2.5961816e0
2.5751503e-1 -8.7879352e-1 2.6108699e0 2.6108699e0
2.8781702e-1 -8.7879352e-1 2.6273946e0 2.6273946e0
3.18119e-1 -8.7879352e-1 2.6457558e0 2.6457558e0
3.4842099e-1 -8.7879352e-1 2.6659532e0 2.6659532e0
3.7872298e-1 -8.7879352e-1 2.687987e0 2.687987e0
4.0902496e-1 -8.7879352e-1 2.7118575e0 2.7118575e0
4.3932695e-1 -8.7879352e-1 2.7375641e0 2.7375641e0
4.6962894e-1 -8.7879352e-1 2.7651073e0 2.7651073e0
4.9993092e-1 -8.7879352e-1 2.7944868e0 2.7944868e0
5.3023291e-1 -8.7879352e-1 2.8257028e0 2.8257028e0
5.605349e-1 -8.7879352e-1 2.8587555e0 2.8587555e0
5.9083688e-1 -8.7879352e-1 2.8936443e0 2.8936443e0
6.2113887e-1 -8.7879352e-1 2.9303696e0 2.9303696e0
6.5144086e-1 -8.7879352e-1 2.9689313e0 2.9689313e0
6.8174284e-1 -8.7879352e-1 3.0093292e0 3.0093292e0
7.1204483e-1 -8.7879352e-1 3.0515639e0 3.0515639e0
7.4234682e-1 -8.7879352e-1 3.0956348e0 3.0956348e0
7.726488e-1 -8.7879352e-1 3.141542e0 3.141542e0
8.0295079e-1 -8.7879352e-1 3.1892859e0 3.1892859e0
8.3325278e-1 -8.7879352e-1 3.2388661e0 3.2388661e0
8.6355476e-1 -8.7879352e-1 3.2902826e0 3.2902826e0
8.9385675e-1 -8.7879352e-1 3.3435359e0 3.3435359e0
9.2415874e-1 -8.7879352e-1 3.3986255e0 3.3986255e0
9.5446072e-1 -8.7879352e-1 3.4555513e0 3.4555513e0
9.8476271e-1 -8.7879352e-1 3.5143137e0 3.5143137e0
1.0150647e0 -8.7879352e-1 3.5749133e0 3.5749133e0
1.0453667e0 -8.7879352e-1 3.6373492e0 3.6373492e0
1.0756686e0 -8.7879352e-1 3.7016177e0 3.7016177e0
1.1059706e0 -8.7879352e-1 3.7677264e0 3.7677264e0
1.1362726e0 -8.7879352e-1 3.8356723e0 3.8356723e0
1.1665746e0 -8.7879352e-1 3.9054507e0 3.9054507e0
1.1968765e0 -8.7879352e-1 3.9770694e0 3.9770694e0
1.2271785e0 -8.7879352e-1 4.0505237e0 4.0505237e0
1.2574805e0 -8.7879352e-1 4.125812e0 4.125812e0
1.2877824e0 -8.7879352e-1 4.2029391e0 4.2029391e0
1.3180844e0 -8.7879352e-1 4.2819034e0 4.2819034e0
1.3483864e0 -8.7879352e-1 4.3627032e0 4.3627032e0
1.3786884e0 -8.7879352e-1 4.4453372e0 4.4453372e0
1.4089903e0 -8.7879352e-1 4.5298099e0 4.5298099e0
1.4392923e0 -8.7879352e-1 4.6161197e0 4.6161197e0
1.4695943e0 -8.7879352e-1 4.7042621e0 4.7042621e0
1.4998962e0 -8.7879352e-1 4.7942447e0 4.7942447e0

-1.5e0 -8.5859242e-1 4.7243619e0 4.7243619e0
-1.469698e0 -8.5859242e-1 4.6343732e0 4.6343732e0
-1.439396e0 -8.5859242e-1 4.5462247e0 4.5462247e0
-1.4090941e0 -8.5859242e-1 4.4599088e0 4.4599088e0
-1.3787921e0 -8.5859242e-1 4.3754285e0 4.3754285e0
-1.3484901e0 -8.5859242e-1 4.2927853e0 4.2927853e0
-1.3181882e0 -8.5859242e-1 4.2119824e0 4.2119824e0
-1.2878862e0 -8.5859242e-1 4.1330121e0 4.1330121e0
-1.2575842e0 -8.5859242e-1 4.0558789e0 4.0558789e0
-1.2272823e0 -8.5859242e-1 3.9805844e0 3.9805844e0
-1.1969803e0 -8.5859242e-1 3.907124e0 3.907124e0
-1.1666783e0 -8.5859242e-1 3.8354993e0 3.8354993e0
-1.1363763e0 -8.5859242e-1 3.7657147e0 3.7657147e0
-1.1060744e0 -8.5859242e-1 3.6977628e0 3.6977628e0
-1.0757724e0 -8.5859242e-1 3.631648e0 3.631648e0
-1.0454704e0 -8.5859242e-1 3.5673688e0 3.5673688e0
-1.0151685e0 -8.5859242e-1 3.5049298e0 3.5049298e0
-9.848665e-1 -8.5859242e-1 3.4443239e0 3.4443239e0
-9.5456451e-1 -8.5859242e-1 3.3855553e0 3.3855553e0
-9.2426253e-1 -8.5859242e-1 3.3286232e0 3.3286232e0
-8.9396054e-1 -8.5859242e-1 3.2735274e0 3.2735274e0
-8.6365855e-1 -8.5859242e-1 3.2202681e0 3.2202681e0
-8.3335657e-1 -8.5859242e-1 3.1688452e0 3.1688452e0
-8.0305458e-1 -8.5859242e-1 3.1192584e0 3.1192584e0
-7.727526e-1 -8.5859242e-1 3.0715083e0 3.0715083e0
-7.424506e-1 -8.5859242e-1 3.0255948e0 3.0255948e0
-7.1214862e-1 -8.5859242e-1 2.9815175e0 2.9815175e0
-6.8184663e-1 -8.5859242e-1 2.9392767e0 2.9392767e0
-6.5154465e-1 -8.5859242e-1 2.8988724e0 2.8988724e0
-6.2124266e-1 -8.5859242e-1 2.8603044e0 2.8603044e0
-5.9094067e-1 -8.5859242e-1 2.8235728e0 2.8235728e0
-5.6063869e-1 -8.5859242e-1 2.7886777e0 2.7886777e0
-5.303367e-1 -8.5859242e-1 2.7556189e0 2.7556189e0
-5.0003471e-1 -8.5859242e-1 2.7243965e0 2.7243965e0
-4.6973273e-1 -8.5859242e-1 2.6950107e0 2.6950107e0
-4.3943074e-1 -8.5859242e-1 2.6674612e0 2.6674612e0
-4.0912875e-1 -8.5859242e-1 2.6417482e0 2.6417482e0
-3.7882677e-1 -8.5859242e-1 2.6178716e0 2.6178716e0
-3.4852478e-1 -8.5859242e-1 2.5958315e0 2.5958315e0
-3.182228e-1 -8.5859242e-1 2.5756276e0 2.5756276e0
-2.879208e-1 -8.5859242e-1 2.5572603e0 2.5572603e0
-2.5761882e-1 -8.5859242e-1 2.5407292e0 2.5407292e0
-2.2731683e-1 -8.5859242e-1 2.5260349e0 2.5260349e0
-1.9701485e-1 -8.5859242e-1 2.5131767e0 2.5131767e0
-1.6671286e-1 -8.5859242e-1 2.502155e0 2.502155e0
-1.3641087e-1 -8.5859242e-1 2.4929697e0 2.4929697e0
-1.0610889e-1 -8.5859242e-1 2.4856209e0 2.4856209e0
-7.58069e-2 -8.5859242e-1 2.4801085e0 2.4801085e0
-4.55049e-2 -8.5859242e-1 2.4764325e0 2.4764325e0
-1.5202899e-2 -8.5859242e-1 2.4745929e0 2.4745929e0
1.5099101e-2 -8.5859242e-1 2.4745898e0 2.4745898e0
4.5401102e-2 -8.5859242e-1 2.476423e0 2.476423e0
7.5703102e-2 -8.5859242e-1 2.4800928e0 2.4800928e0
1.06005103e-1 -8.5859242e-1 2.4855989e0 2.4855989e0
1.3630708e-1 -8.5859242e-1 2.4929414e0 2.4929414e0
1.6660907e-1 -8.5859242e-1 2.5021204e0 2.5021204e0
1.9691106e-1 -8.5859242e-1 2.5131357e0 2.5131357e0
2.2721304e-1 -8.5859242e-1 2.5259875e0 2.5259875e0
2.5751503e-1 -8.5859242e-1 2.5406758e0 2.5406758e0
2.8781702e-1 -8.5859242e-1 2.5572005e0 2.5572005e0
3.18119e-1 -8.5859242e-1 2.5755617e0 2.5755617e0
3.4842099e-1 -8.5859242e-1 2.5957591e0 2.5957591e0
3.7872298e-1 -8.5859242e-1 2.617793e0 2.617793e0
4.0902496e-1 -8.5859242e-1 2.6416634e0 2.6416634e0
4.3932695e-1 -8.5859242e-1 2.66737e0 2.66737e0
4.6962894e-1 -8.5859242e-1 2.6949132e0 2.6949132e0
4.9993092e-1 -8.5859242e-1 2.7242928e0 2.7242928e0
5.3023291e-1 -8.5859242e-1 2.7555087e0 2.7555087e0
5.605349e-1 -8.5859242e-1 2.7885614e0 2.7885614e0
5.9083688e-1 -8.5859242e-1 2.8234502e0 2.8234502e0
6.2113887e-1 -8.5859242e-1 2.8601755e0 2.8601755e0
6.5144086e-1 -8.5859242e-1 2.8987372e0 2.8987372e0
6.8174284e-1 -8.5859242e-1 2.9391351e0 2.9391351e0
7.1204483e-1 -8.5859242e-1 2.9813698e0 2.9813698e0
7.4234682e-1 -8.5859242e-1 3.0254407e0 3.0254407e0
7.726488e-1 -8.5859242e-1 3.071348e0 3.071348e0
8.0295079e-1 -8.5859242e-1 3.1190918e0 3.1190918e0
8.3325278e-1 -8.5859242e-1 3.168672e0 3.168672e0
8.6355476e-1 -8.5859242e-1 3.2200885e0 3.2200885e0
8.9385675e-1 -8.5859242e-1 3.2733418e0 3.2733418e0
9.2415874e-1 -8.5859242e-1 3.3284314e0 3.3284314e0
9.5446072e-1 -8.5859242e-1 3.3853572e0 3.3853572e0
9.8476271e-1 -8.5859242e-1 3.4441196e0 3.4441196e0
1.0150647e0 -8.5859242e-1 3.5047192e0 3.5047192e0
1.0453667e0 -8.5859242e-1 3.5671552e0 3.5671552e0
1.0756686e0 -8.5859242e-1 3.6314236e0 3.6314236e0
1.1059706e0 -8.5859242e-1 3.6975323e0 3.6975323e0
1.1362726e0 -8.5859242e-1 3.7654782e0 3.7654782e0
1.1665746e0 -8.5859242e-1 3.8352567e0 3.8352567e0
1.1968765e0 -8.5859242e-1 3.9068753e0 3.9068753e0
1.2271785e0 -8.5859242e-1 3.9803296e0 3.9803296e0
1.2574805e0 -8.5859242e-1 4.055618e0 4.055618e0
1.2877824e0 -8.5859242e-1 4.132745e0 4.132745e0
1.3180844e0 -8.5859242e-1 4.2117093e0 4.2117093e0
1.3483864e0 -8.5859242e-1 4.2925092e0 4.2925092e0
1.3786884e0 -8.5859242e-1 4.3751431e0 4.3751431e0
1.4089903e0 -8.5859242e-1 4.4596158e0 4.4596158e0
1.4392923e0 -8.5859242e-1 4.5459256e0 4.5459256e0
1.4695943e0 -8.5859242e-1 4.634068e0 4.634068e0
1.4998962e0 -8.5859242e-1 4.7240506e0 4.7240506e0

-1.5e0 -8.3839133e-1 4.6557999e0 4.6557999e0
-1.469698e0 -8.3839133e-1 4.5658112e0 4.5658112e0
-1.439396e0 -8.3839133e-1 4.4776627e0 4.4776627e0
-1.4090941e0 -8.3839133e-1 4.3913467e0 4.3913467e0
-1.3787921e0 -8.3839133e-1 4.3068665e0 4.3068665e0
-1.3484901e0 -8.3839133e-1 4.2242233e0 4.2242233e0
-1.3181882e0 -8.3839133e-1 4.1434204e0 4.1434204e0
-1.2878862e0 -8.3839133e-1 4.06445e0 4.06445e0
-1.2575842e0 -8.3839133e-1 3.9873169e0 3.9873169e0
-1.2272823e0 -8.3839133e-1 3.9120224e0 3.9120224e0
-1.1969803e0 -8.3839133e-1 3.838562e0 3.838562e0
-1.1666783e0 -8.3839133e-1 3.7669373e0 3.7669373e0
-1.1363763e0 -8.3839133e-1 3.6971527e0 3.6971527e0
-1.1060744e0 -8.3839133e-1 3.6292007e0 3.6292007e0
-1.0757724e0 -8.3839133e-1 3.563086e0 3.563086e0
-1.0454704e0 -8.3839133e-1 3.4988068e0 3.4988068e0
-1.0151685e0 -8.3839133e-1 3.4363678e0 3.4363678e0
-9.848665e-1 -8.3839133e-1 3.3757619e0 3.3757619e0
-9.5456451e-1 -8.3839133e-1 3.3169933e0 3.3169933e0
-9.2426253e-1 -8.3839133e-1 3.2600612e0 3.2600612e0
-8.9396054e-1 -8.3839133e-1 3.2049654e0 3.2049654e0
-8.6365855e-1 -8.3839133e-1 3.1517061e0 3.1517061e0
-8.3335657e-1 -8.3839133e-1 3.1002832e0 3.1002832e0
-8.0305458e-1 -8.3839133e-1 3.0506964e0 3.0506964e0
-7.727526e-1 -8.3839133e-1 3.0029463e0 3.0029463e0
-7.424506e-1 -8.3839133e-1 2.9570328e0 2.9570328e0
-7.1214862e-1 -8.3839133e-1 2.9129555e0 2.9129555e0
-6.8184663e-1 -8.3839133e-1 2.8707147e0 2.8707147e0
-6.5154465e-1 -8.3839133e-1 2.8303104e0 2.8303104e0
-6.2124266e-1 -8.3839133e-1 2.7917424e0 2.7917424e0
-5.9094067e-1 -8.3839133e-1 2.7550108e0 2.7550108e0
-5.6063869e-1 -8.3839133e-1 2.7201157e0 2.7201157e0
-5.303367e-1 -8.3839133e-1 2.6870569e0 2.6870569e0
-5.0003471e-1 -8.3839133e-1 2.6558345e0 2.6558345e0
-4.6973273e-1 -8.3839133e-1 2.6264487e0 2.6264487e0
-4.3943074e-1 -8.3839133e-1 2.5988992e0 2.5988992e0
-4.0912875e-1 -8.3839133e-1 2.5731862e0 2.5731862e0
-3.7882677e-1 -8.3839133e-1 2.5493095e0 2.5493095e0
-3.4852478e-1 -8.3839133e-1 2.5272694e0 2.5272694e0
-3.182228e-1 -8.3839133e-1 2.5070656e0 2.5070656e0
-2.879208e-1 -8.3839133e-1 2.4886983e0 2.4886983e0
-2.5761882e-1 -8.3839133e-1 2.4721672e0 2.4721672e0
-2.2731683e-1 -8.3839133e-1 2.4574728e0 2.4574728e0
-1.9701485e-1 -8.3839133e-1 2.4446147e0 2.4446147e0
-1.6671286e-1 -8.3839133e-1 2.433593e0 2.433593e0
-1.3641087e-1 -8.3839133e-1 2.4244077e0 2.4244077e0
-1.0610889e-1 -8.3839133e-1 2.4170589e0 2.4170589e0
-7.58069e-2 -8.3839133e-1 2.4115465e0 2.4115465e0
-4.55049e-2 -8.3839133e-1 2.4078705e0 2.4078705e0
-1.5202899e-2 -8.3839133e-1 2.4060309e0 2.4060309e0
1.5099101e-2 -8.3839133e-1 2.4060278e0 2.4060278e0
4.5401102e-2 -8.3839133e-1 2.407861e0 2.407861e0
7.5703102e-2 -8.3839133e-1 2.4115308e0 2.4115308e0
1.06005103e-1 -8.3839133e-1 2.4170369e0 2.4170369e0
1.3630708e-1 -8.3839133e-1 2.4243794e0 2.4243794e0
1.6660907e-1 -8.3839133e-1 2.4335583e0 2.4335583e0
1.9691106e-1 -8.3839133e-1 2.4445737e0 2.4445737e0
2.2721304e-1 -8.3839133e-1 2.4574255e0 2.4574255e0
2.5751503e-1 -8.3839133e-1 2.4721138e0 2.4721138e0
2.8781702e-1 -8.3839133e-1 2.4886385e0 2.4886385e0
3.18119e-1 -8.3839133e-1 2.5069997e0 2.5069997e0
3.4842099e-1 -8.3839133e-1 2.5271971e0 2.5271971e0
3.7872298e-1 -8.3839133e-1 2.549231e0 2.549231e0
4.0902496e-1 -8.3839133e-1 2.5731013e0 2.5731013e0
4.3932695e-1 -8.3839133e-1 2.598808e0 2.598808e0
4.6962894e-1 -8.3839133e-1 2.6263512e0 2.6263512e0
4.9993092e-1 -8.3839133e-1 2.6557307e0 2.6557307e0
5.3023291e-1 -8.3839133e-1 2.6869467e0 2.6869467e0
5.605349e-1 -8.3839133e-1 2.7199994e0 2.7199994e0
5.9083688e-1 -8.3839133e-1 2.7548882e0 2.7548882e0
6.2113887e-1 -8.3839133e-1 2.7916135e0 2.7916135e0
6.5144086e-1 -8.3839133e-1 2.8301752e0 2.8301752e0
6.8174284e-1 -8.3839133e-1 2.8705731e0 2.8705731e0
7.1204483e-1 -8.3839133e-1 2.9128078e0 2.9128078e0
7.4234682e-1 -8.3839133e-1 2.9568787e0 2.9568787e0
7.726488e-1 -8.3839133e-1 3.002786e0 3.002786e0
8.0295079e-1 -8.3839133e-1 3.0505298e0 3.0505298e0
8.3325278e-1 -8.3839133e-1 3.10011e0 3.10011e0
8.6355476e-1 -8.3839133e-1 3.1515265e0 3.1515265e0
8.9385675e-1 -8.3839133e-1 3.2047798e0 3.2047798e0
9.2415874e-1 -8.3839133e-1 3.2598694e0 3.2598694e0
9.5446072e-1 -8.3839133e-1 3.3167952e0 3.3167952e0
9.8476271e-1 -8.3839133e-1 3.3755576e0 3.3755576e0
1.0150647e0 -8.3839133e-1 3.4361572e0 3.4361572e0
1.0453667e0 -8.3839133e-1 3.4985931e0 3.4985931e0
1.0756686e0 -8.3839133e-1 3.5628616e0 3.5628616e0
1.1059706e0 -8.3839133e-1 3.6289703e0 3.6289703e0
1.1362726e0 -8.3839133e-1 3.6969162e0 3.6969162e0
1.1665746e0 -8.3839133e-1 3.7666946e0 3.7666946e0
1.1968765e0 -8.3839133e-1 3.8383133e0 3.8383133e0
1.2271785e0 -8.3839133e-1 3.9117676e0 3.9117676e0
1.2574805e0 -8.3839133e-1 3.987056e0 3.987056e0
1.2877824e0 -8.3839133e-1 4.064183e0 4.064183e0
1.3180844e0 -8.3839133e-1 4.1431473e0 4.1431473e0
1.3483864e0 -8.3839133e-1 4.2239471e0 4.2239471e0
1.3786884e0 -8.3839133e-1 4.3065811e0 4.3065811e0
1.4089903e0 -8.3839133e-1 4.3910538e0 4.3910538e0
1.4392923e0 -8.3839133e-1 4.4773636e0 4.4773636e0
1.4695943e0 -8.3839133e-1 4.565506e0 4.565506e0
1.4998962e0 -8.3839133e-1 4.6554886e0 4.6554886e0

-1.5e0 -8.1819023e-1 4.5888702e0 4.5888702e0
-1.469698e0 -8.1819023e-1 4.4988815e0 4.4988815e0
-1.439396e0 -8.1819023e-1 4.410733e0 4.410733e0
-1.4090941e0 -8.1819023e-1 4.3244171e0 4.3244171e0
-1.3787921e0 -8.1819023e-1 4.2399368e0 4.2399368e0
-1.3484901e0 -8.1819023e-1 4.1572937e0 4.1572937e0
-1.3181882e0 -8.1819023e-1 4.0764908e0 4.0764908e0
-1.2878862e0 -8.1819023e-1 3.9975204e0 3.9975204e0
-1.2575842e0 -8.1819023e-1 3.9203873e0 3.9203873e0
-1.2272823e0 -8.1819023e-1 3.8450928e0 3.8450928e0
-1.1969803e0 -8.1819023e-1 3.7716324e0 3.7716324e0
-1.1666783e0 -8.1819023e-1 3.7000076e0 3.7000076e0
-1.1363763e0 -8.1819023e-1 3.6302231e0 3.6302231e0
-1.1060744e0 -8.1819023e-1 3.5622711e0 3.5622711e0
-1.0757724e0 -8.1819023e-1 3.4961563e0 3.4961563e0
-1.0454704e0 -8.1819023e-1 3.4318771e0 3.4318771e0
-1.0151685e0 -8.1819023e-1 3.3694382e0 3.3694382e0
-9.848665e-1 -8.1819023e-1 3.3088322e0 3.3088322e0
-9.5456451e-1 -8.1819023e-1 3.2500636e0 3.2500636e0
-9.2426253e-1 -8.1819023e-1 3.1931316e0 3.1931316e0
-8.9396054e-1 -8.1819023e-1 3.1380357e0 3.1380357e0
-8.6365855e-1 -8.1819023e-1 3.0847765e0 3.0847765e0
-8.3335657e-1 -8.1819023e-1 3.0333536e0 3.0333536e0
-8.0305458e-1 -8.1819023e-1 2.9837668e0 2.9837668e0
-7.727526e-1 -8.1819023e-1 2.9360167e0 2.9360167e0
-7.424506e-1 -8.1819023e-1 2.8901031e0 2.8901031e0
-7.1214862e-1 -8.1819023e-1 2.8460258e0 2.8460258e0
-6.8184663e-1 -8.1819023e-1 2.8037851e0 2.8037851e0
-6.5154465e-1 -8.1819023e-1 2.7633807e0 2.7633807e0
-6.2124266e-1 -8.1819023e-1 2.7248128e0 2.7248128e0
-5.9094067e-1 -8.1819023e-1 2.6880812e0 2.6880812e0
-5.6063869e-1 -8.1819023e-1 2.653186e0 2.653186e0
-5.303367e-1 -8.1819023e-1 2.6201273e0 2.6201273e0
-5.0003471e-1 -8.1819023e-1 2.5889049e0 2.5889049e0
-4.6973273e-1 -8.1819023e-1 2.559519e0 2.559519e0
-4.3943074e-1 -8.1819023e-1 2.5319696e0 2.5319696e0
-4.0912875e-1 -8.1819023e-1 2.5062566e0 2.5062566e0
-3.7882677e-1 -8.1819023e-1 2.4823799e0 2.4823799e0
-3.4852478e-1 -8.1819023e-1 2.4603398e0 2.4603398e0
-3.182228e-1 -8.1819023e-1 2.440136e0 2.440136e0
-2.879208e-1 -8.1819023e-1 2.4217686e0 2.4217686e0
-2.5761882e-1 -8.1819023e-1 2.4052376e0 2.4052376e0
-2.2731683e-1 -8.1819023e-1 2.3905432e0 2.3905432e0
-1.9701485e-1 -8.1819023e-1 2.3776851e0 2.3776851e0
-1.6671286e-1 -8.1819023e-1 2.3666634e0 2.3666634e0
-1.3641087e-1 -8.1819023e-1 2.357478e0 2.357478e0
-1.0610889e-1 -8.1819023e-1 2.3501292e0 2.3501292e0
-7.58069e-2 -8.1819023e-1 2.3446169e0 2.3446169e0
-4.55049e-2 -8.1819023e-1 2.3409409e0 2.3409409e0
-1.5202899e-2 -8.1819023e-1 2.3391013e0 2.3391013e0
1.5099101e-2 -8.1819023e-1 2.3390982e0 2.3390982e0
4.5401102e-2 -8.1819023e-1 2.3409314e0 2.3409314e0
7.5703102e-2 -8.1819023e-1 2.3446011e0 2.3446011e0
1.06005103e-1 -8.1819023e-1 2.3501073e0 2.3501073e0
1.3630708e-1 -8.1819023e-1 2.3574498e0 2.3574498e0
1.6660907e-1 -8.1819023e-1 2.3666287e0 2.3666287e0
1.9691106e-1 -8.1819023e-1 2.377644e0 2.377644e0
2.2721304e-1 -8.1819023e-1 2.3904959e0 2.3904959e0
2.5751503e-1 -8.1819023e-1 2.4051842e0 2.4051842e0
2.8781702e-1 -8.1819023e-1 2.4217088e0 2.4217088e0
3.18119e-1 -8.1819023e-1 2.44007e0 2.44007e0
3.4842099e-1 -8.1819023e-1 2.4602675e0 2.4602675e0
3.7872298e-1 -8.1819023e-1 2.4823013e0 2.4823013e0
4.0902496e-1 -8.1819023e-1 2.5061717e0 2.5061717e0
4.3932695e-1 -8.1819023e-1 2.5318784e0 2.5318784e0
4.6962894e-1 -8.1819023e-1 2.5594215e0 2.5594215e0
4.9993092e-1 -8.1819023e-1 2.5888011e0 2.5888011e0
5.3023291e-1 -8.1819023e-1 2.6200171e0 2.6200171e0
5.605349e-1 -8.1819023e-1 2.6530698e0 2.6530698e0
5.9083688e-1 -8.1819023e-1 2.6879585e0 2.6879585e0
6.2113887e-1 -8.1819023e-1 2.7246838e0 2.7246838e0
6.5144086e-1 -8.1819023e-1 2.7632455e0 2.7632455e0
6.8174284e-1 -8.1819023e-1 2.8036435e0 2.8036435e0
7.1204483e-1 -8.1819023e-1 2.8458781e0 2.8458781e0
7.4234682e-1 -8.1819023e-1 2.889949e0 2.889949e0
7.726488e-1 -8.1819023e-1 2.9358563e0 2.9358563e0
8.0295079e-1 -8.1819023e-1 2.9836002e0 2.9836002e0
8.3325278e-1 -8.1819023e-1 3.0331804e0 3.0331804e0
8.6355476e-1 -8.1819023e-1 3.0845969e0 3.0845969e0
8.9385675e-1 -8.1819023e-1 3.1378502e0 3.1378502e0
9.2415874e-1 -8.1819023e-1 3.1929398e0 3.1929398e0
9.5446072e-1 -8.1819023e-1 3.2498656e0 3.2498656e0
9.8476271e-1 -8.1819023e-1 3.308628e0 3.308628e0
1.0150647e0 -8.1819023e-1 3.3692276e0 3.3692276e0
1.0453667e0 -8.1819023e-1 3.4316635e0 3.4316635e0
1.0756686e0 -8.1819023e-1 3.495932e0 3.495932e0
1.1059706e0 -8.1819023e-1 3.5620407e0 3.5620407e0
1.1362726e0 -8.1819023e-1 3.6299866e0 3.6299866e0
1.1665746e0 -8.1819023e-1 3.699765e0 3.699765e0
1.1968765e0 -8.1819023e-1 3.7713837e0 3.7713837e0
1.2271785e0 -8.1819023e-1 3.844838e0 3.844838e0
1.2574805e0 -8.1819023e-1 3.9201263e0 3.9201263e0
1.2877824e0 -8.1819023e-1 3.9972534e0 3.9972534e0
1.3180844e0 -8.1819023e-1 4.0762177e0 4.0762177e0
1.3483864e0 -8.1819023e-1 4.1570175e0 4.1570175e0
1.3786884e0 -8.1819023e-1 4.2396515e0 4.2396515e0
1.4089903e0 -8.1819023e-1 4.3241241e0 4.3241241e0
1.4392923e0 -8.1819023e-1 4.410434e0 4.410434e0
1.4695943e0 -8.1819023e-1 4.4985764e0 4.4985764e0
1.4998962e0 -8.1819023e-1 4.588559e0 4.588559e0

-1.5e0 -7.9798914e-1 4.5235736e0 4.5235736e0
-1.469698e0 -7.9798914e-1 4.4335849e0 4.4335849e0
-1.439396e0 -7.9798914e-1 4.3454364e0 4.3454364e0
-1.4090941e0 -7.9798914e-1 4.2591205e0 4.2591205e0
-1.3787921e0 -7.9798914e-1 4.1746402e0 4.1746402e0
-1.3484901e0 -7.9798914e-1 4.091997e0 4.091997e0
-1.3181882e0 -7.9798914e-1 4.0111942e0 4.0111942e0
-1.2878862e0 -7.9798914e-1 3.9322238e0 3.9322238e0
-1.2575842e0 -7.9798914e-1 3.8550906e0 3.8550906e0
-1.2272823e0 -7.9798914e-1 3.7797961e0 3.7797961e0
-1.1969803e0 -7.9798914e-1 3.7063358e0 3.7063358e0
-1.1666783e0 -7.9798914e-1 3.634711e0 3.634711e0
-1.1363763e0 -7.9798914e-1 3.5649265e0 3.5649265e0
-1.1060744e0 -7.9798914e-1 3.4969745e0 3.4969745e0
-1.0757724e0 -7.9798914e-1 3.4308597e0 3.4308597e0
-1.0454704e0 -7.9798914e-1 3.3665805e0 3.3665805e0
-1.0151685e0 -7.9798914e-1 3.3041415e0 3.3041415e0
-9.848665e-1 -7.9798914e-1 3.2435356e0 3.2435356e0
-9.5456451e-1 -7.9798914e-1 3.184767e0 3.184767e0
-9.2426253e-1 -7.9798914e-1 3.127835e0 3.127835e0
-8.9396054e-1 -7.9798914e-1 3.0727391e0 3.0727391e0
-8.6365855e-1 -7.9798914e-1 3.0194798e0 3.0194798e0
-8.3335657e-1 -7.9798914e-1 2.968057e0 2.968057e0
-8.0305458e-1 -7.9798914e-1 2.9184702e0 2.9184702e0
-7.727526e-1 -7.9798914e-1 2.87072e0 2.87072e0
-7.424506e-1 -7.9798914e-1 2.8248065e0 2.8248065e0
-7.1214862e-1 -7.9798914e-1 2.7807292e0 2.7807292e0
-6.8184663e-1 -7.9798914e-1 2.7384885e0 2.7384885e0
-6.5154465e-1 -7.9798914e-1 2.6980841e0 2.6980841e0
-6.2124266e-1 -7.9798914e-1 2.6595161e0 2.6595161e0
-5.9094067e-1 -7.9798914e-1 2.6227846e0 2.6227846e0
-5.6063869e-1 -7.9798914e-1 2.5878894e0 2.5878894e0
-5.303367e-1 -7.9798914e-1 2.5548306e0 2.5548306e0
-5.0003471e-1 -7.9798914e-1 2.5236082e0 2.5236082e0
-4.6973273e-1 -7.9798914e-1 2.4942224e0 2.4942224e0
-4.3943074e-1 -7.9798914e-1 2.466673e0 2.466673e0
-4.0912875e-1 -7.9798914e-1 2.44096e0 2.44096e0
-3.7882677e-1 -7.9798914e-1 2.4170833e0 2.4170833e0
-3.4852478e-1 -7.9798914e-1 2.3950432e0 2.3950432e0
-3.182228e-1 -7.9798914e-1 2.3748393e0 2.3748393e0
-2.879208e-1 -7.9798914e-1 2.356472e0 2.356472e0
-2.5761882e-1 -7.9798914e-1 2.339941e0 2.339941e0
-2.2731683e-1 -7.9798914e-1 2.3252466e0 2.3252466e0
-1.9701485e-1 -7.9798914e-1 2.3123885e0 2.3123885e0
-1.6671286e-1 -7.9798914e-1 2.3013667e0 2.3013667e0
-1.3641087e-1 -7.9798914e-1 2.2921814e0 2.2921814e0
-1.0610889e-1 -7.9798914e-1 2.2848326e0 2.2848326e0
-7.58069e-2 -7.9798914e-1 2.2793202e0 2.2793202e0
-4.55049e-2 -7.9798914e-1 2.2756442e0 2.2756442e0
-1.5202899e-2 -7.9798914e-1 2.2738046e0 2.2738046e0
1.5099101e-2 -7.9798914e-1 2.2738016e0 2.2738016e0
4.5401102e-2 -7.9798914e-1 2.2756348e0 2.2756348e0
7.5703102e-2 -7.9798914e-1 2.2793045e0 2.2793045e0
1.06005103e-1 -7.9798914e-1 2.2848106e0 2.2848106e0
1.3630708e-1 -7.9798914e-1 2.2921532e0 2.2921532e0
1.6660907e-1 -7.9798914e-1 2.3013321e0 2.3013321e0
1.9691106e-1 -7.9798914e-1 2.3123474e0 2.3123474e0
2.2721304e-1 -7.9798914e-1 2.3251993e0 2.3251993e0
2.5751503e-1 -7.9798914e-1 2.3398875e0 2.3398875e0
2.8781702e-1 -7.9798914e-1 2.3564122e0 2.3564122e0
3.18119e-1 -7.9798914e-1 2.3747734e0 2.3747734e0
3.4842099e-1 -7.9798914e-1 2.3949709e0 2.3949709e0
3.7872298e-1 -7.9798914e-1 2.4170047e0 2.4170047e0
4.0902496e-1 -7.9798914e-1 2.4408751e0 2.4408751e0
4.3932695e-1 -7.9798914e-1 2.4665817e0 2.4665817e0
4.6962894e-1 -7.9798914e-1 2.4941249e0 2.4941249e0
4.9993092e-1 -7.9798914e-1 2.5235045e0 2.5235045e0
5.3023291e-1 -7.9798914e-1 2.5547205e0 2.5547205e0
5.605349e-1 -7.9798914e-1 2.5877731e0 2.5877731e0
5.9083688e-1 -7.9798914e-1 2.6226619e0 2.6226619e0
6.2113887e-1 -7.9798914e-1 2.6593872e0 2.6593872e0
6.5144086e-1 -7.9798914e-1 2.6979489e0 2.6979489e0
6.8174284e-1 -7.9798914e-1 2.7383469e0 2.7383469e0
7.1204483e-1 -7.9798914e-1 2.7805815e0 2.7805815e0
7.4234682e-1 -7.9798914e-1 2.8246524e0 2.8246524e0
7.726488e-1 -7.9798914e-1 2.8705597e0 2.8705597e0
8.0295079e-1 -7.9798914e-1 2.9183035e0 2.9183035e0
8.3325278e-1 -7.9798914e-1 2.9678838e0 2.9678838e0
8.6355476e-1 -7.9798914e-1 3.0193002e0 3.0193002e0
8.9385675e-1 -7.9798914e-1 3.0725536e0 3.0725536e0
9.2415874e-1 -7.9798914e-1 3.1276431e0 3.1276431e0
9.5446072e-1 -7.9798914e-1 3.184569e0 3.184569e0
9.8476271e-1 -7.9798914e-1 3.2433313e0 3.2433313e0
1.0150647e0 -7.9798914e-1 3.303931e0 3.303931e0
1.0453667e0 -7.9798914e-1 3.3663669e0 3.3663669e0
1.0756686e0 -7.9798914e-1 3.4306354e0 3.4306354e0
1.1059706e0 -7.9798914e-1 3.4967441e0 3.4967441e0
1.1362726e0 -7.9798914e-1 3.56469e0 3.56469e0
1.1665746e0 -7.9798914e-1 3.6344684e0 3.6344684e0
1.1968765e0 -7.9798914e-1 3.706087e0 3.706087e0
1.2271785e0 -7.9798914e-1 3.7795413e0 3.7795413e0
1.2574805e0 -7.9798914e-1 3.8548297e0 3.8548297e0
1.2877824e0 -7.9798914e-1 3.9319568e0 3.9319568e0
1.3180844e0 -7.9798914e-1 4.010921e0 4.010921e0
1.3483864e0 -7.9798914e-1 4.0917209e0 4.0917209e0
1.3786884e0 -7.9798914e-1 4.1743549e0 4.1743549e0
1.4089903e0 -7.9798914e-1 4.2588275e0 4.2588275e0
1.4392923e0 -7.9798914e-1 4.3451373e0 4.3451373e0
1.4695943e0 -7.9798914e-1 4.4332797e0 4.4332797e0
1.4998962e0 -7.9798914e-1 4.5232623e0 4.5232623e0

-1.5e0 -7.7778804e-1 4.4599088e0 4.4599088e0
-1.469698e0 -7.7778804e-1 4.36992e0 4.36992e0
-1.439396e0 -7.7778804e-1 4.2817715e0 4.2817715e0
-1.4090941e0 -7.7778804e-1 4.1954556e0 4.1954556e0
-1.3787921e0 -7.7778804e-1 4.1109753e0 4.1109753e0
-1.3484901e0 -7.7778804e-1 4.0283322e0 4.0283322e0
-1.3181882e0 -7.7778804e-1 3.9475293e0 3.9475293e0
-1.2878862e0 -7.7778804e-1 3.868559e0 3.868559e0
-1.2575842e0 -7.7778804e-1 3.7914258e0 3.7914258e0
-1.2272823e0 -7.7778804e-1 3.7161313e0 3.7161313e0
-1.1969803e0 -7.7778804e-1 3.6426709e0 3.6426709e0
-1.1666783e0 -7.7778804e-1 3.5710461e0 3.5710461e0
-1.1363763e0 -7.7778804e-1 3.5012616e0 3.5012616e0
-1.1060744e0 -7.7778804e-1 3.4333096e0 3.4333096e0
-1.0757724e0 -7.7778804e-1 3.3671948e0 3.3671948e0
-1.0454704e0 -7.7778804e-1 3.3029156e0 3.3029156e0
-1.0151685e0 -7.7778804e-1 3.2404767e0 3.2404767e0
-9.848665e-1 -7.7778804e-1 3.1798708e0 3.1798708e0
-9.5456451e-1 -7.7778804e-1 3.1211021e0 3.1211021e0
-9.2426253e-1 -7.7778804e-1 3.06417e0 3.06417e0
-8.9396054e-1 -7.7778804e-1 3.0090742e0 3.0090742e0
-8.6365855e-1 -7.7778804e-1 2.955815e0 2.955815e0
-8.3335657e-1 -7.7778804e-1 2.9043921e0 2.9043921e0
-8.0305458e-1 -7.7778804e-1 2.8548053e0 2.8548053e0
-7.727526e-1 -7.7778804e-1 2.8070552e0 2.8070552e0
-7.424506e-1 -7.7778804e-1 2.7611417e0 2.7611417e0
-7.1214862e-1 -7.7778804e-1 2.7170644e0 2.7170644e0
-6.8184663e-1 -7.7778804e-1 2.6748236e0 2.6748236e0
-6.5154465e-1 -7.7778804e-1 2.6344193e0 2.6344193e0
-6.2124266e-1 -7.7778804e-1 2.5958513e0 2.5958513e0
-5.9094067e-1 -7.7778804e-1 2.5591197e0 2.5591197e0
-5.6063869e-1 -7.7778804e-1 2.5242245e0 2.5242245e0
-5.303367e-1 -7.7778804e-1 2.4911658e0 2.4911658e0
-5.0003471e-1 -7.7778804e-1 2.4599434e0 2.4599434e0
-4.6973273e-1 -7.7778804e-1 2.4305576e0 2.4305576e0
-4.3943074e-1 -7.7778804e-1 2.4030081e0 2.4030081e0
-4.0912875e-1 -7.7778804e-1 2.377295e0 2.377295e0
-3.7882677e-1 -7.7778804e-1 2.3534184e0 2.3534184e0
-3.4852478e-1 -7.7778804e-1 2.3313783e0 2.3313783e0
-3.182228e-1 -7.7778804e-1 2.3111745e0 2.3111745e0
-2.879208e-1 -7.7778804e-1 2.2928072e0 2.2928072e0
-2.5761882e-1 -7.7778804e-1 2.2762761e0 2.2762761e0
-2.2731683e-1 -7.7778804e-1 2.2615817e0 2.2615817e0
-1.9701485e-1 -7.7778804e-1 2.2487236e0 2.2487236e0
-1.6671286e-1 -7.7778804e-1 2.2377019e0 2.2377019e0
-1.3641087e-1 -7.7778804e-1 2.2285165e0 2.2285165e0
-1.0610889e-1 -7.7778804e-1 2.2211678e0 2.2211678e0
-7.58069e-2 -7.7778804e-1 2.2156554e0 2.2156554e0
-4.55049e-2 -7.7778804e-1 2.2119794e0 2.2119794e0
-1.5202899e-2 -7.7778804e-1 2.2101398e0 2.2101398e0
1.5099101e-2 -7.7778804e-1 2.2101367e0 2.2101367e0
4.5401102e-2 -7.7778804e-1 2.2119699e0 2.2119699e0
7.5703102e-2 -7.7778804e-1 2.2156396e0 2.2156396e0
1.06005103e-1 -7.7778804e-1 2.2211458e0 2.2211458e0
1.3630708e-1 -7.7778804e-1 2.2284883e0 2.2284883e0
1.6660907e-1 -7.7778804e-1 2.2376672e0 2.2376672e0
1.9691106e-1 -7.7778804e-1 2.2486826e0 2.2486826e0
2.2721304e-1 -7.7778804e-1 2.2615344e0 2.2615344e0
2.5751503e-1 -7.7778804e-1 2.2762227e0 2.2762227e0
2.8781702e-1 -7.7778804e-1 2.2927473e0 2.2927473e0
3.18119e-1 -7.7778804e-1 2.3111086e0 2.3111086e0
3.4842099e-1 -7.7778804e-1 2.331306e0 2.331306e0
3.7872298e-1 -7.7778804e-1 2.3533398e0 2.3533398e0
4.0902496e-1 -7.7778804e-1 2.3772102e0 2.3772102e0
4.3932695e-1 -7.7778804e-1 2.4029169e0 2.4029169e0
4.6962894e-1 -7.7778804e-1 2.43046e0 2.43046e0
4.9993092e-1 -7.7778804e-1 2.4598396e0 2.4598396e0
5.3023291e-1 -7.7778804e-1 2.4910556e0 2.4910556e0
5.605349e-1 -7.7778804e-1 2.5241083e0 2.5241083e0
5.9083688e-1 -7.7778804e-1 2.558997e0 2.558997e0
6.2113887e-1 -7.7778804e-1 2.5957224e0 2.5957224e0
6.5144086e-1 -7.7778804e-1 2.634284e0 2.634284e0
6.8174284e-1 -7.7778804e-1 2.674682e0 2.674682e0
7.1204483e-1 -7.7778804e-1 2.7169167e0 2.7169167e0
7.4234682e-1 -7.7778804e-1 2.7609875e0 2.7609875e0
7.726488e-1 -7.7778804e-1 2.8068948e0 2.8068948e0
8.0295079e-1 -7.7778804e-1 2.8546387e0 2.8546387e0
8.3325278e-1 -7.7778804e-1 2.9042189e0 2.9042189e0
8.6355476e-1 -7.7778804e-1 2.9556354e0 2.9556354e0
8.9385675e-1 -7.7778804e-1 3.0088887e0 3.0088887e0
9.2415874e-1 -7.7778804e-1 3.0639783e0 3.0639783e0
9.5446072e-1 -7.7778804e-1 3.1209041e0 3.1209041e0
9.8476271e-1 -7.7778804e-1 3.1796664e0 3.1796664e0
1.0150647e0 -7.7778804e-1 3.2402661e0 3.2402661e0
1.0453667e0 -7.7778804e-1 3.302702e0 3.302702e0
1.0756686e0 -7.7778804e-1 3.3669705e0 3.3669705e0
1.1059706e0 -7.7778804e-1 3.4330792e0 3.4330792e0
1.1362726e0 -7.7778804e-1 3.5010251e0 3.5010251e0
1.1665746e0 -7.7778804e-1 3.5708035e0 3.5708035e0
1.1968765e0 -7.7778804e-1 3.6424222e0 3.6424222e0
1.2271785e0 -7.7778804e-1 3.7158765e0 3.7158765e0
1.2574805e0 -7.7778804e-1 3.7911649e0 3.7911649e0
1.2877824e0 -7.7778804e-1 3.868292e0 3.868292e0
1.3180844e0 -7.7778804e-1 3.9472562e0 3.9472562e0
1.3483864e0 -7.7778804e-1 4.028056e0 4.028056e0
1.3786884e0 -7.7778804e-1 4.11069e0 4.11069e0
1.4089903e0 -7.7778804e-1 4.1951627e0 4.1951627e0
1.4392923e0 -7.7778804e-1 4.2814725e0 4.2814725e0
1.4695943e0 -7.7778804e-1 4.3696149e0 4.3696149e0
1.4998962e0 -7.7778804e-1 4.4595975e0 4.4595975e0

-1.5e0 -7.5758694e-1 4.397876e0 4.397876e0
-1.469698e0 -7.5758694e-1 4.3078873e0 4.3078873e0
-1.439396e0 -7.5758694e-1 4.2197388e0 4.2197388e0
-1.4090941e0 -7.5758694e-1 4.1334229e0 4.1334229e0
-1.3787921e0 -7.5758694e-1 4.0489426e0 4.0489426e0
-1.3484901e0 -7.5758694e-1 3.9662994e0 3.9662994e0
-1.3181882e0 -7.5758694e-1 3.8854965e0 3.8854965e0
-1.2878862e0 -7.5758694e-1 3.8065262e0 3.8065262e0
-1.2575842e0 -7.5758694e-1 3.729393e0 3.729393e0
-1.2272823e0 -7.5758694e-1 3.6540985e0 3.6540985e0
-1.1969803e0 -7.5758694e-1 3.5806381e0 3.5806381e0
-1.1666783e0 -7.5758694e-1 3.5090134e0 3.5090134e0
-1.1363763e0 -7.5758694e-1 3.4392288e0 3.4392288e0
-1.1060744e0 -7.5758694e-1 3.3712769e0 3.3712769e0
-1.0757724e0 -7.5758694e-1 3.305162e0 3.305162e0
-1.0454704e0 -7.5758694e-1 3.2408829e0 3.2408829e0
-1.0151685e0 -7.5758694e-1 3.1784439e0 3.1784439e0
-9.848665e-1 -7.5758694e-1 3.117838e0 3.117838e0
-9.5456451e-1 -7.5758694e-1 3.0590694e0 3.0590694e0
-9.2426253e-1 -7.5758694e-1 3.0021373e0 3.0021373e0
-8.9396054e-1 -7.5758694e-1 2.9470415e0 2.9470415e0
-8.6365855e-1 -7.5758694e-1 2.8937822e0 2.8937822e0
-8.3335657e-1 -7.5758694e-1 2.8423593e0 2.8423593e0
-8.0305458e-1 -7.5758694e-1 2.7927725e0 2.7927725e0
-7.727526e-1 -7.5758694e-1 2.7450224e0 2.7450224e0
-7.424506e-1 -7.5758694e-1 2.6991089e0 2.6991089e0
-7.1214862e-1 -7.5758694e-1 2.6550316e0 2.6550316e0
-6.8184663e-1 -7.5758694e-1 2.6127908e0 2.6127908e0
-6.5154465e-1 -7.5758694e-1 2.5723865e0 2.5723865e0
-6.2124266e-1 -7.5758694e-1 2.5338185e0 2.5338185e0
-5.9094067e-1 -7.5758694e-1 2.497087e0 2.497087e0
-5.6063869e-1 -7.5758694e-1 2.4621918e0 2.4621918e0
-5.303367e-1 -7.5758694e-1 2.429133e0 2.429133e0
-5.0003471e-1 -7.5758694e-1 2.3979106e0 2.3979106e0
-4.6973273e-1 -7.5758694e-1 2.3685248e0 2.3685248e0
-4.3943074e-1 -7.5758694e-1 2.3409753e0 2.3409753e0
-4.0912875e-1 -7.5758694e-1 2.3152623e0 2.3152623e0
-3.7882677e-1 -7.5758694e-1 2.2913857e0 2.2913857e0
-3.4852478e-1 -7.5758694e-1 2.2693456e0 2.2693456e0
-3.182228e-1 -7.5758694e-1 2.2491417e0 2.2491417e0
-2.879208e-1 -7.5758694e-1 2.2307744e0 2.2307744e0
-2.5761882e-1 -7.5758694e-1 2.2142433e0 2.2142433e0
-2.2731683e-1 -7.5758694e-1 2.199549e0 2.199549e0
-1.9701485e-1 -7.5758694e-1 2.1866908e0 2.1866908e0
-1.6671286e-1 -7.5758694e-1 2.1756691e0 2.1756691e0
-1.3641087e-1 -7.5758694e-1 2.1664838e0 2.1664838e0
-1.0610889e-1 -7.5758694e-1 2.159135e0 2.159135e0
-7.58069e-2 -7.5758694e-1 2.1536226e0 2.1536226e0
-4.55049e-2 -7.5758694e-1 2.1499466e0 2.1499466e0
-1.5202899e-2 -7.5758694e-1 2.148107e0 2.148107e0
1.5099101e-2 -7.5758694e-1 2.148104e0 2.148104e0
4.5401102e-2 -7.5758694e-1 2.1499371e0 2.1499371e0
7.5703102e-2 -7.5758694e-1 2.1536069e0 2.1536069e0
1.06005103e-1 -7.5758694e-1 2.159113e0 2.159113e0
1.3630708e-1 -7.5758694e-1 2.1664555e0 2.1664555e0
1.6660907e-1 -7.5758694e-1 2.1756345e0 2.1756345e0
1.9691106e-1 -7.5758694e-1 2.1866498e0 2.1866498e0
2.2721304e-1 -7.5758694e-1 2.1995016e0 2.1995016e0
2.5751503e-1 -7.5758694e-1 2.2141899e0 2.2141899e0
2.8781702e-1 -7.5758694e-1 2.2307146e0 2.2307146e0
3.18119e-1 -7.5758694e-1 2.2490758e0 2.2490758e0
3.4842099e-1 -7.5758694e-1 2.2692732e0 2.2692732e0
3.7872298e-1 -7.5758694e-1 2.291307e0 2.291307e0
4.0902496e-1 -7.5758694e-1 2.3151775e0 2.3151775e0
4.3932695e-1 -7.5758694e-1 2.3408841e0 2.3408841e0
4.6962894e-1 -7.5758694e-1 2.3684273e0 2.3684273e0
4.9993092e-1 -7.5758694e-1 2.3978069e0 2.3978069e0
5.3023291e-1 -7.5758694e-1 2.4290228e0 2.4290228e0
5.605349e-1 -7.5758694e-1 2.4620755e0 2.4620755e0
5.9083688e-1 -7.5758694e-1 2.4969643e0 2.4969643e0
6.2113887e-1 -7.5758694e-1 2.5336896e0 2.5336896e0
6.5144086e-1 -7.5758694e-1 2.5722513e0 2.5722513e0
6.8174284e-1 -7.5758694e-1 2.6126492e0 2.6126492e0
7.1204483e-1 -7.5758694e-1 2.6548839e0 2.6548839e0
7.4234682e-1 -7.5758694e-1 2.6989548e0 2.6989548e0
7.726488e-1 -7.5758694e-1 2.744862e0 2.744862e0
8.0295079e-1 -7.5758694e-1 2.7926059e0 2.7926059e0
8.3325278e-1 -7.5758694e-1 2.8421861e0 2.8421861e0
8.6355476e-1 -7.5758694e-1 2.8936026e0 2.8936026e0
8.9385675e-1 -7.5758694e-1 2.946856e0 2.946856e0
9.2415874e-1 -7.5758694e-1 3.0019455e0 3.0019455e0
9.5446072e-1 -7.5758694e-1 3.0588713e0 3.0588713e0
9.8476271e-1 -7.5758694e-1 3.1176337e0 3.1176337e0
1.0150647e0 -7.5758694e-1 3.1782333e0 3.1782333e0
1.0453667e0 -7.5758694e-1 3.2406693e0 3.2406693e0
1.0756686e0 -7.5758694e-1 3.3049377e0 3.3049377e0
1.1059706e0 -7.5758694e-1 3.3710464e0 3.3710464e0
1.1362726e0 -7.5758694e-1 3.4389923e0 3.4389923e0
1.1665746e0 -7.5758694e-1 3.5087708e0 3.5087708e0
1.1968765e0 -7.5758694e-1 3.5803894e0 3.5803894e0
1.2271785e0 -7.5758694e-1 3.6538437e0 3.6538437e0
1.2574805e0 -7.5758694e-1 3.7291321e0 3.7291321e0
1.2877824e0 -7.5758694e-1 3.8062592e0 3.8062592e0
1.3180844e0 -7.5758694e-1 3.8852234e0 3.8852234e0
1.3483864e0 -7.5758694e-1 3.9660233e0 3.9660233e0
1.3786884e0 -7.5758694e-1 4.0486572e0 4.0486572e0
1.4089903e0 -7.5758694e-1 4.1331299e0 4.1331299e0
1.4392923e0 -7.5758694e-1 4.2194397e0 4.2194397e0
1.4695943e0 -7.5758694e-1 4.3075821e0 4.3075821e0
1.4998962e0 -7.5758694e-1 4.3975647e0 4.3975647e0

-1.5e0 -7.3738585e-1 4.3374759e0 4.3374759e0
-1.469698e0 -7.3738585e-1 4.2474872e0 4.2474872e0
-1.439396e0 -7.3738585e-1 4.1593387e0 4.1593387e0
-1.4090941e0 -7.3738585e-1 4.0730228e0 4.0730228e0
-1.3787921e0 -7.3738585e-1 3.9885425e0 3.9885425e0
-1.3484901e0 -7.3738585e-1 3.9058994e0 3.9058994e0
-1.3181882e0 -7.3738585e-1 3.8250964e0 3.8250964e0
-1.2878862e0 -7.3738585e-1 3.7461261e0 3.7461261e0
-1.2575842e0 -7.3738585e-1 3.6689929e0 3.6689929e0
-1.2272823e0 -7.3738585e-1 3.5936984e0 3.5936984e0
-1.1969803e0 -7.3738585e-1 3.520238e0 3.520238e0
-1.1666783e0 -7.3738585e-1 3.4486133e0 3.4486133e0
-1.1363763e0 -7.3738585e-1 3.3788287e0 3.3788287e0
-1.1060744e0 -7.3738585e-1 3.3108768e0 3.3108768e0
-1.0757724e0 -7.3738585e-1 3.244762e0 3.244762e0
-1.0454704e0 -7.3738585e-1 3.1804828e0 3.1804828e0
-1.0151685e0 -7.3738585e-1 3.1180438e0 3.1180438e0
-9.848665e-1 -7.3738585e-1 3.0574379e0 3.0574379e0
-9.5456451e-1 -7.3738585e-1 2.9986693e0 2.9986693e0
-9.2426253e-1 -7.3738585e-1 2.9417372e0 2.9417372e0
-8.9396054e-1 -7.3738585e-1 2.8866414e0 2.8866414e0
-8.6365855e-1 -7.3738585e-1 2.8333821e0 2.8333821e0
-8.3335657e-1 -7.3738585e-1 2.7819592e0 2.7819592e0
-8.0305458e-1 -7.3738585e-1 2.7323724e0 2.7323724e0
-7.727526e-1 -7.3738585e-1 2.6846223e0 2.6846223e0
-7.424506e-1 -7.3738585e-1 2.6387088e0 2.6387088e0
-7.1214862e-1 -7.3738585e-1 2.5946315e0 2.5946315e0
-6.8184663e-1 -7.3738585e-1 2.5523907e0 2.5523907e0
-6.5154465e-1 -7.3738585e-1 2.5119864e0 2.5119864e0
-6.2124266e-1 -7.3738585e-1 2.4734184e0 2.4734184e0
-5.9094067e-1 -7.3738585e-1 2.4366869e0 2.4366869e0
-5.6063869e-1 -7.3738585e-1 2.4017917e0 2.4017917e0
-5.303367e-1 -7.3738585e-1 2.3687329e0 2.3687329e0
-5.0003471e-1 -7.3738585e-1 2.3375105e0 2.3375105e0
-4.6973273e-1 -7.3738585e-1 2.3081247e0 2.3081247e0
-4.3943074e-1 -7.3738585e-1 2.2805753e0 2.2805753e0
-4.0912875e-1 -7.3738585e-1 2.2548622e0 2.2548622e0
-3.7882677e-1 -7.3738585e-1 2.2309856e0 2.2309856e0
-3.4852478e-1 -7.3738585e-1 2.2089455e0 2.2089455e0
-3.182228e-1 -7.3738585e-1 2.1887416e0 2.1887416e0
-2.879208e-1 -7.3738585e-1 2.1703743e0 2.1703743e0
-2.5761882e-1 -7.3738585e-1 2.1538432e0 2.1538432e0
-2.2731683e-1 -7.3738585e-1 2.1391489e0 2.1391489e0
-1.9701485e-1 -7.3738585e-1 2.1262907e0 2.1262907e0
-1.6671286e-1 -7.3738585e-1 2.115269e0 2.115269e0
-1.3641087e-1 -7.3738585e-1 2.1060837e0 2.1060837e0
-1.0610889e-1 -7.3738585e-1 2.0987349e0 2.0987349e0
-7.58069e-2 -7.3738585e-1 2.0932225e0 2.0932225e0
-4.55049e-2 -7.3738585e-1 2.0895465e0 2.0895465e0
-1.5202899e-2 -7.3738585e-1 2.0877069e0 2.0877069e0
1.5099101e-2 -7.3738585e-1 2.0877039e0 2.0877039e0
4.5401102e-2 -7.3738585e-1 2.089537e0 2.089537e0
7.5703102e-2 -7.3738585e-1 2.0932068e0 2.0932068e0
1.06005103e-1 -7.3738585e-1 2.0987129e0 2.0987129e0
1.3630708e-1 -7.3738585e-1 2.1060555e0 2.1060555e0
1.6660907e-1 -7.3738585e-1 2.1152344e0 2.1152344e0
1.9691106e-1 -7.3738585e-1 2.1262497e0 2.1262497e0
2.2721304e-1 -7.3738585e-1 2.1391016e0 2.1391016e0
2.5751503e-1 -7.3738585e-1 2.1537898e0 2.1537898e0
2.8781702e-1 -7.3738585e-1 2.1703145e0 2.1703145e0
3.18119e-1 -7.3738585e-1 2.1886757e0 2.1886757e0
3.4842099e-1 -7.3738585e-1 2.2088731e0 2.2088731e0
3.7872298e-1 -7.3738585e-1 2.230907e0 2.230907e0
4.0902496e-1 -7.3738585e-1 2.2547774e0 2.2547774e0
4.3932695e-1 -7.3738585e-1 2.280484e0 2.280484e0
4.6962894e-1 -7.3738585e-1 2.3080272e0 2.3080272e0
4.9993092e-1 -7.3738585e-1 2.3374068e0 2.3374068e0
5.3023291e-1 -7.3738585e-1 2.3686227e0 2.3686227e0
5.605349e-1 -7.3738585e-1 2.4016754e0 2.4016754e0
5.9083688e-1 -7.3738585e-1 2.4365642e0 2.4365642e0
6.2113887e-1 -7.3738585e-1 2.4732895e0 2.4732895e0
6.5144086e-1 -7.3738585e-1 2.5118512e0 2.5118512e0
6.8174284e-1 -7.3738585e-1 2.5522491e0 2.5522491e0
7.1204483e-1 -7.3738585e-1 2.5944838e0 2.5944838e0
7.4234682e-1 -7.3738585e-1 2.6385547e0 2.6385547e0
7.726488e-1 -7.3738585e-1 2.684462e0 2.684462e0
8.0295079e-1 -7.3738585e-1 2.7322058e0 2.7322058e0
8.3325278e-1 -7.3738585e-1 2.781786e0 2.781786e0
8.6355476e-1 -7.3738585e-1 2.8332025e0 2.8332025e0
8.9385675e-1 -7.3738585e-1 2.8864558e0 2.8864558e0
9.2415874e-1 -7.3738585e-1 2.9415454e0 2.9415454e0
9.5446072e-1 -7.3738585e-1 2.9984712e0 2.9984712e0
9.8476271e-1 -7.3738585e-1 3.0572336e0 3.0572336e0
1.0150647e0 -7.3738585e-1 3.1178333e0 3.1178333e0
1.0453667e0 -7.3738585e-1 3.1802692e0 3.1802692e0
1.0756686e0 -7.3738585e-1 3.2445377e0 3.2445377e0
1.1059706e0 -7.3738585e-1 3.3106464e0 3.3106464e0
1.1362726e0 -7.3738585e-1 3.3785922e0 3.3785922e0
1.1665746e0 -7.3738585e-1 3.4483707e0 3.4483707e0
1.1968765e0 -7.3738585e-1 3.5199893e0 3.5199893e0
1.2271785e0 -7.3738585e-1 3.5934436e0 3.5934436e0
1.2574805e0 -7.3738585e-1 3.668732e0 3.668732e0
1.2877824e0 -7.3738585e-1 3.745859e0 3.745859e0
1.3180844e0 -7.3738585e-1 3.8248233e0 3.8248233e0
1.3483864e0 -7.3738585e-1 3.9056232e0 3.9056232e0
1.3786884e0 -7.3738585e-1 3.9882571e0 3.9882571e0
1.4089903e0 -7.3738585e-1 4.0727298e0 4.0727298e0
1.4392923e0 -7.3738585e-1 4.1590396e0 4.1590396e0
1.4695943e0 -7.3738585e-1 4.247182e0 4.247182e0
1.4998962e0 -7.3738585e-1 4.3371646e0 4.3371646e0

-1.5e0 -7.1718475e-1 4.2787079e0 4.2787079e0
-1.469698e0 -7.1718475e-1 4.1887192e0 4.1887192e0
-1.439396e0 -7.1718475e-1 4.1005707e0 4.1005707e0
-1.4090941e0 -7.1718475e-1 4.0142548e0 4.0142548e0
-1.3787921e0 -7.1718475e-1 3.9297745e0 3.9297745e0
-1.3484901e0 -7.1718475e-1 3.8471313e0 3.8471313e0
-1.3181882e0 -7.1718475e-1 3.7663284e0 3.7663284e0
-1.2878862e0 -7.1718475e-1 3.6873581e0 3.6873581e0
-1.2575842e0 -7.1718475e-1 3.6102249e0 3.6102249e0
-1.2272823e0 -7.1718475e-1 3.5349304e0 3.5349304e0
-1.1969803e0 -7.1718475e-1 3.46147e0 3.46147e0
-1.1666783e0 -7.1718475e-1 3.3898453e0 3.3898453e0
-1.1363763e0 -7.1718475e-1 3.3200607e0 3.3200607e0
-1.1060744e0 -7.1718475e-1 3.2521088e0 3.2521088e0
-1.0757724e0 -7.1718475e-1 3.185994e0 3.185994e0
-1.0454704e0 -7.1718475e-1 3.1217148e0 3.1217148e0
-1.0151685e0 -7.1718475e-1 3.0592758e0 3.0592758e0
-9.848665e-1 -7.1718475e-1 2.9986699e0 2.9986699e0
-9.5456451e-1 -7.1718475e-1 2.9399013e0 2.9399013e0
-9.2426253e-1 -7.1718475e-1 2.8829692e0 2.8829692e0
-8.9396054e-1 -7.1718475e-1 2.8278734e0 2.8278734e0
-8.6365855e-1 -7.1718475e-1 2.7746141e0 2.7746141e0
-8.3335657e-1 -7.1718475e-1 2.7231912e0 2.7231912e0
-8.0305458e-1 -7.1718475e-1 2.6736044e0 2.6736044e0
-7.727526e-1 -7.1718475e-1 2.6258543e0 2.6258543e0
-7.424506e-1 -7.1718475e-1 2.5799408e0 2.5799408e0
-7.1214862e-1 -7.1718475e-1 2.5358635e0 2.5358635e0
-6.8184663e-1 -7.1718475e-1 2.4936227e0 2.4936227e0
-6.5154465e-1 -7.1718475e-1 2.4532184e0 2.4532184e0
-6.2124266e-1 -7.1718475e-1 2.4146504e0 2.4146504e0
-5.9094067e-1 -7.1718475e-1 2.3779189e0 2.3779189e0
-5.6063869e-1 -7.1718475e-1 2.3430237e0 2.3430237e0
-5.303367e-1 -7.1718475e-1 2.3099649e0 2.3099649e0
-5.0003471e-1 -7.1718475e-1 2.2787425e0 2.2787425e0
-4.6973273e-1 -7.1718475e-1 2.2493567e0 2.2493567e0
-4.3943074e-1 -7.1718475e-1 2.2218073e0 2.2218073e0
-4.0912875e-1 -7.1718475e-1 2.1960942e0 2.1960942e0
-3.7882677e-1 -7.1718475e-1 2.1722176e0 2.1722176e0
-3.4852478e-1 -7.1718475e-1 2.1501775e0 2.1501775e0
-3.182228e-1 -7.1718475e-1 2.1299736e0 2.1299736e0
-2.879208e-1 -7.1718475e-1 2.1116063e0 2.1116063e0
-2.5761882e-1 -7.1718475e-1 2.0950752e0 2.0950752e0
-2.2731683e-1 -7.1718475e-1 2.0803809e0 2.0803809e0
-1.9701485e-1 -7.1718475e-1 2.0675227e0 2.0675227e0
-1.6671286e-1 -7.1718475e-1 2.056501e0 2.056501e0
-1.3641087e-1 -7.1718475e-1 2.0473157e0 2.0473157e0
-1.0610889e-1 -7.1718475e-1 2.0399669e0 2.0399669e0
-7.58069e-2 -7.1718475e-1 2.0344545e0 2.0344545e0
-4.55049e-2 -7.1718475e-1 2.0307785e0 2.0307785e0
-1.5202899e-2 -7.1718475e-1 2.0289389e0 2.0289389e0
1.5099101e-2 -7.1718475e-1 2.0289359e0 2.0289359e0
4.5401102e-2 -7.1718475e-1 2.030769e0 2.030769e0
7.5703102e-2 -7.1718475e-1 2.0344388e0 2.0344388e0
1.06005103e-1 -7.1718475e-1 2.0399449e0 2.0399449e0
1.3630708e-1 -7.1718475e-1 2.0472874e0 2.0472874e0
1.6660907e-1 -7.1718475e-1 2.0564664e0 2.0564664e0
1.9691106e-1 -7.1718475e-1 2.0674817e0 2.0674817e0
2.2721304e-1 -7.1718475e-1 2.0803336e0 2.0803336e0
2.5751503e-1 -7.1718475e-1 2.0950218e0 2.0950218e0
2.8781702e-1 -7.1718475e-1 2.1115465e0 2.1115465e0
3.18119e-1 -7.1718475e-1 2.1299077e0 2.1299077e0
3.4842099e-1 -7.1718475e-1 2.1501051e0 2.1501051e0
3.7872298e-1 -7.1718475e-1 2.172139e0 2.172139e0
4.0902496e-1 -7.1718475e-1 2.1960094e0 2.1960094e0
4.3932695e-1 -7.1718475e-1 2.221716e0 2.221716e0
4.6962894e-1 -7.1718475e-1 2.2492592e0 2.2492592e0
4.9993092e-1 -7.1718475e-1 2.2786388e0 2.2786388e0
5.3023291e-1 -7.1718475e-1 2.3098547e0 2.3098547e0
5.605349e-1 -7.1718475e-1 2.3429074e0 2.3429074e0
5.9083688e-1 -7.1718475e-1 2.3777962e0 2.3777962e0
6.2113887e-1 -7.1718475e-1 2.4145215e0 2.4145215e0
6.5144086e-1 -7.1718475e-1 2.4530832e0 2.4530832e0
6.8174284e-1 -7.1718475e-1 2.4934811e0 2.4934811e0
7.1204483e-1 -7.1718475e-1 2.5357158e0 2.5357158e0
7.4234682e-1 -7.1718475e-1 2.5797867e0 2.5797867e0
7.726488e-1 -7.1718475e-1 2.625694e0 2.625694e0
8.0295079e-1 -7.1718475e-1 2.6734378e0 2